"","Cl_mat","cl_id","cl_id.1","cl_id.2","cl_id.3","cl_id.4","cl_id.5","cl_id.6","cl_id.7"
"V1",9,8,7,5,4,4,4,2,1
"V2",1,1,1,1,1,1,1,1,1
"V3",6,6,5,5,4,4,4,2,1
"V4",3,3,1,1,1,1,1,1,1
"V5",7,7,6,6,5,1,1,1,1
"V6",10,9,8,7,6,5,3,3,2
"V7",7,7,6,6,5,1,1,1,1
"V8",5,5,4,4,2,2,2,2,1
"V9",2,2,2,2,2,2,2,2,1
"V10",10,9,8,7,6,5,3,3,2
"V11",4,4,3,3,3,3,3,3,2
"V12",8,1,1,1,1,1,1,1,1
"V13",10,9,8,7,6,5,3,3,2
"V14",2,2,2,2,2,2,2,2,1
"V15",2,2,2,2,2,2,2,2,1
"V16",5,5,4,4,2,2,2,2,1
"V17",6,6,5,5,4,4,4,2,1
"V18",2,2,2,2,2,2,2,2,1
"V19",4,4,3,3,3,3,3,3,2
"V20",4,4,3,3,3,3,3,3,2
"V21",6,6,5,5,4,4,4,2,1
"V22",9,8,7,5,4,4,4,2,1
"V23",3,3,1,1,1,1,1,1,1
"V24",5,5,4,4,2,2,2,2,1
"V25",5,5,4,4,2,2,2,2,1
"V26",2,2,2,2,2,2,2,2,1
"V27",3,3,1,1,1,1,1,1,1
"V28",2,2,2,2,2,2,2,2,1
"V29",4,4,3,3,3,3,3,3,2
"V30",4,4,3,3,3,3,3,3,2
"V31",1,1,1,1,1,1,1,1,1
"V32",2,2,2,2,2,2,2,2,1
"V33",5,5,4,4,2,2,2,2,1
"V34",4,4,3,3,3,3,3,3,2
"V35",10,9,8,7,6,5,3,3,2
"V36",9,8,7,5,4,4,4,2,1
"V37",10,9,8,7,6,5,3,3,2
"V38",6,6,5,5,4,4,4,2,1
"V39",7,7,6,6,5,1,1,1,1
"V40",10,9,8,7,6,5,3,3,2
"V41",10,9,8,7,6,5,3,3,2
"V42",4,4,3,3,3,3,3,3,2
"V43",10,9,8,7,6,5,3,3,2
"V44",4,4,3,3,3,3,3,3,2
"V45",5,5,4,4,2,2,2,2,1
"V46",5,5,4,4,2,2,2,2,1
"V47",2,2,2,2,2,2,2,2,1
"V48",5,5,4,4,2,2,2,2,1
"V49",4,4,3,3,3,3,3,3,2
"V50",6,6,5,5,4,4,4,2,1
"V51",10,9,8,7,6,5,3,3,2
"V52",5,5,4,4,2,2,2,2,1
"V53",9,8,7,5,4,4,4,2,1
"V54",10,9,8,7,6,5,3,3,2
"V55",4,4,3,3,3,3,3,3,2
"V56",8,1,1,1,1,1,1,1,1
"V57",4,4,3,3,3,3,3,3,2
"V58",2,2,2,2,2,2,2,2,1
"V59",10,9,8,7,6,5,3,3,2
"V60",2,2,2,2,2,2,2,2,1
"V61",4,4,3,3,3,3,3,3,2
"V62",10,9,8,7,6,5,3,3,2
"V63",2,2,2,2,2,2,2,2,1
"V64",10,9,8,7,6,5,3,3,2
"V65",1,1,1,1,1,1,1,1,1
"V66",2,2,2,2,2,2,2,2,1
"V67",4,4,3,3,3,3,3,3,2
"V68",10,9,8,7,6,5,3,3,2
"V69",4,4,3,3,3,3,3,3,2
"V70",5,5,4,4,2,2,2,2,1
"V71",7,7,6,6,5,1,1,1,1
"V72",4,4,3,3,3,3,3,3,2
"V73",10,9,8,7,6,5,3,3,2
"V74",2,2,2,2,2,2,2,2,1
"V75",4,4,3,3,3,3,3,3,2
"V76",10,9,8,7,6,5,3,3,2
"V77",10,9,8,7,6,5,3,3,2
"V78",4,4,3,3,3,3,3,3,2
"V79",10,9,8,7,6,5,3,3,2
"V80",10,9,8,7,6,5,3,3,2
"V81",10,9,8,7,6,5,3,3,2
"V82",10,9,8,7,6,5,3,3,2
"V83",10,9,8,7,6,5,3,3,2
"V84",10,9,8,7,6,5,3,3,2
"V85",9,8,7,5,4,4,4,2,1
"V86",10,9,8,7,6,5,3,3,2
"V87",5,5,4,4,2,2,2,2,1
"V88",5,5,4,4,2,2,2,2,1
"V89",7,7,6,6,5,1,1,1,1
"V90",7,7,6,6,5,1,1,1,1
"V91",2,2,2,2,2,2,2,2,1
"V92",10,9,8,7,6,5,3,3,2
"V93",5,5,4,4,2,2,2,2,1
"V94",4,4,3,3,3,3,3,3,2
"V95",2,2,2,2,2,2,2,2,1
"V96",10,9,8,7,6,5,3,3,2
"V97",6,6,5,5,4,4,4,2,1
"V98",9,8,7,5,4,4,4,2,1
"V99",2,2,2,2,2,2,2,2,1
"V100",10,9,8,7,6,5,3,3,2
"V101",6,6,5,5,4,4,4,2,1
"V102",10,9,8,7,6,5,3,3,2
"V103",10,9,8,7,6,5,3,3,2
"V104",5,5,4,4,2,2,2,2,1
"V105",5,5,4,4,2,2,2,2,1
"V106",9,8,7,5,4,4,4,2,1
"V107",4,4,3,3,3,3,3,3,2
"V108",6,6,5,5,4,4,4,2,1
"V109",4,4,3,3,3,3,3,3,2
"V110",10,9,8,7,6,5,3,3,2
"V111",10,9,8,7,6,5,3,3,2
"V112",9,8,7,5,4,4,4,2,1
"V113",8,1,1,1,1,1,1,1,1
"V114",6,6,5,5,4,4,4,2,1
"V115",2,2,2,2,2,2,2,2,1
"V116",6,6,5,5,4,4,4,2,1
"V117",9,8,7,5,4,4,4,2,1
"V118",2,2,2,2,2,2,2,2,1
"V119",10,9,8,7,6,5,3,3,2
"V120",10,9,8,7,6,5,3,3,2
"V121",7,7,6,6,5,1,1,1,1
"V122",10,9,8,7,6,5,3,3,2
"V123",6,6,5,5,4,4,4,2,1
"V124",10,9,8,7,6,5,3,3,2
"V125",6,6,5,5,4,4,4,2,1
"V126",3,3,1,1,1,1,1,1,1
"V127",1,1,1,1,1,1,1,1,1
"V128",10,9,8,7,6,5,3,3,2
"V129",4,4,3,3,3,3,3,3,2
"V130",2,2,2,2,2,2,2,2,1
"V131",2,2,2,2,2,2,2,2,1
"V132",2,2,2,2,2,2,2,2,1
"V133",6,6,5,5,4,4,4,2,1
"V134",4,4,3,3,3,3,3,3,2
"V135",5,5,4,4,2,2,2,2,1
"V136",5,5,4,4,2,2,2,2,1
"V137",5,5,4,4,2,2,2,2,1
"V138",9,8,7,5,4,4,4,2,1
"V139",5,5,4,4,2,2,2,2,1
"V140",10,9,8,7,6,5,3,3,2
"V141",10,9,8,7,6,5,3,3,2
"V142",4,4,3,3,3,3,3,3,2
"V143",8,1,1,1,1,1,1,1,1
"V144",5,5,4,4,2,2,2,2,1
"V145",6,6,5,5,4,4,4,2,1
"V146",4,4,3,3,3,3,3,3,2
"V147",4,4,3,3,3,3,3,3,2
"V148",5,5,4,4,2,2,2,2,1
"V149",10,9,8,7,6,5,3,3,2
"V150",10,9,8,7,6,5,3,3,2
"V151",9,8,7,5,4,4,4,2,1
"V152",10,9,8,7,6,5,3,3,2
"V153",4,4,3,3,3,3,3,3,2
"V154",2,2,2,2,2,2,2,2,1
"V155",4,4,3,3,3,3,3,3,2
"V156",7,7,6,6,5,1,1,1,1
"V157",4,4,3,3,3,3,3,3,2
"V158",9,8,7,5,4,4,4,2,1
"V159",2,2,2,2,2,2,2,2,1
"V160",9,8,7,5,4,4,4,2,1
"V161",8,1,1,1,1,1,1,1,1
"V162",2,2,2,2,2,2,2,2,1
"V163",2,2,2,2,2,2,2,2,1
"V164",9,8,7,5,4,4,4,2,1
"V165",10,9,8,7,6,5,3,3,2
"V166",6,6,5,5,4,4,4,2,1
"V167",7,7,6,6,5,1,1,1,1
"V168",10,9,8,7,6,5,3,3,2
"V169",7,7,6,6,5,1,1,1,1
"V170",9,8,7,5,4,4,4,2,1
"V171",4,4,3,3,3,3,3,3,2
"V172",6,6,5,5,4,4,4,2,1
"V173",2,2,2,2,2,2,2,2,1
"V174",6,6,5,5,4,4,4,2,1
"V175",7,7,6,6,5,1,1,1,1
"V176",6,6,5,5,4,4,4,2,1
"V177",10,9,8,7,6,5,3,3,2
"V178",10,9,8,7,6,5,3,3,2
"V179",10,9,8,7,6,5,3,3,2
"V180",2,2,2,2,2,2,2,2,1
"V181",5,5,4,4,2,2,2,2,1
"V182",10,9,8,7,6,5,3,3,2
"V183",8,1,1,1,1,1,1,1,1
"V184",10,9,8,7,6,5,3,3,2
"V185",10,9,8,7,6,5,3,3,2
"V186",6,6,5,5,4,4,4,2,1
"V187",7,7,6,6,5,1,1,1,1
"V188",10,9,8,7,6,5,3,3,2
"V189",2,2,2,2,2,2,2,2,1
"V190",10,9,8,7,6,5,3,3,2
"V191",6,6,5,5,4,4,4,2,1
"V192",4,4,3,3,3,3,3,3,2
"V193",6,6,5,5,4,4,4,2,1
"V194",6,6,5,5,4,4,4,2,1
"V195",8,1,1,1,1,1,1,1,1
"V196",4,4,3,3,3,3,3,3,2
"V197",10,9,8,7,6,5,3,3,2
"V198",3,3,1,1,1,1,1,1,1
"V199",10,9,8,7,6,5,3,3,2
"V200",4,4,3,3,3,3,3,3,2
"V201",7,7,6,6,5,1,1,1,1
"V202",4,4,3,3,3,3,3,3,2
"V203",5,5,4,4,2,2,2,2,1
"V204",9,8,7,5,4,4,4,2,1
"V205",4,4,3,3,3,3,3,3,2
"V206",2,2,2,2,2,2,2,2,1
"V207",7,7,6,6,5,1,1,1,1
"V208",10,9,8,7,6,5,3,3,2
"V209",10,9,8,7,6,5,3,3,2
"V210",10,9,8,7,6,5,3,3,2
"V211",4,4,3,3,3,3,3,3,2
"V212",10,9,8,7,6,5,3,3,2
"V213",10,9,8,7,6,5,3,3,2
"V214",5,5,4,4,2,2,2,2,1
"V215",10,9,8,7,6,5,3,3,2
"V216",10,9,8,7,6,5,3,3,2
"V217",4,4,3,3,3,3,3,3,2
"V218",10,9,8,7,6,5,3,3,2
"V219",10,9,8,7,6,5,3,3,2
"V220",5,5,4,4,2,2,2,2,1
"V221",3,3,1,1,1,1,1,1,1
"V222",4,4,3,3,3,3,3,3,2
"V223",4,4,3,3,3,3,3,3,2
"V224",2,2,2,2,2,2,2,2,1
"V225",10,9,8,7,6,5,3,3,2
"V226",7,7,6,6,5,1,1,1,1
"V227",10,9,8,7,6,5,3,3,2
"V228",10,9,8,7,6,5,3,3,2
"V229",1,1,1,1,1,1,1,1,1
"V230",8,1,1,1,1,1,1,1,1
"V231",4,4,3,3,3,3,3,3,2
"V232",4,4,3,3,3,3,3,3,2
"V233",6,6,5,5,4,4,4,2,1
"V234",10,9,8,7,6,5,3,3,2
"V235",6,6,5,5,4,4,4,2,1
"V236",4,4,3,3,3,3,3,3,2
"V237",9,8,7,5,4,4,4,2,1
"V238",10,9,8,7,6,5,3,3,2
"V239",7,7,6,6,5,1,1,1,1
"V240",10,9,8,7,6,5,3,3,2
"V241",7,7,6,6,5,1,1,1,1
"V242",10,9,8,7,6,5,3,3,2
"V243",10,9,8,7,6,5,3,3,2
"V244",5,5,4,4,2,2,2,2,1
"V245",4,4,3,3,3,3,3,3,2
"V246",6,6,5,5,4,4,4,2,1
"V247",4,4,3,3,3,3,3,3,2
"V248",4,4,3,3,3,3,3,3,2
"V249",10,9,8,7,6,5,3,3,2
"V250",4,4,3,3,3,3,3,3,2
"V251",10,9,8,7,6,5,3,3,2
"V252",10,9,8,7,6,5,3,3,2
"V253",7,7,6,6,5,1,1,1,1
"V254",9,8,7,5,4,4,4,2,1
"V255",4,4,3,3,3,3,3,3,2
"V256",2,2,2,2,2,2,2,2,1
"V257",5,5,4,4,2,2,2,2,1
"V258",4,4,3,3,3,3,3,3,2
"V259",4,4,3,3,3,3,3,3,2
"V260",4,4,3,3,3,3,3,3,2
"V261",10,9,8,7,6,5,3,3,2
"V262",4,4,3,3,3,3,3,3,2
"V263",10,9,8,7,6,5,3,3,2
"V264",10,9,8,7,6,5,3,3,2
"V265",3,3,1,1,1,1,1,1,1
"V266",2,2,2,2,2,2,2,2,1
"V267",10,9,8,7,6,5,3,3,2
"V268",6,6,5,5,4,4,4,2,1
"V269",7,7,6,6,5,1,1,1,1
"V270",10,9,8,7,6,5,3,3,2
"V271",6,6,5,5,4,4,4,2,1
"V272",4,4,3,3,3,3,3,3,2
"V273",3,3,1,1,1,1,1,1,1
"V274",10,9,8,7,6,5,3,3,2
"V275",9,8,7,5,4,4,4,2,1
"V276",10,9,8,7,6,5,3,3,2
"V277",2,2,2,2,2,2,2,2,1
"V278",4,4,3,3,3,3,3,3,2
"V279",10,9,8,7,6,5,3,3,2
"V280",1,1,1,1,1,1,1,1,1
"V281",7,7,6,6,5,1,1,1,1
"V282",4,4,3,3,3,3,3,3,2
"V283",7,7,6,6,5,1,1,1,1
"V284",10,9,8,7,6,5,3,3,2
"V285",10,9,8,7,6,5,3,3,2
"V286",9,8,7,5,4,4,4,2,1
"V287",8,1,1,1,1,1,1,1,1
"V288",9,8,7,5,4,4,4,2,1
"V289",9,8,7,5,4,4,4,2,1
"V290",7,7,6,6,5,1,1,1,1
"V291",5,5,4,4,2,2,2,2,1
"V292",3,3,1,1,1,1,1,1,1
"V293",5,5,4,4,2,2,2,2,1
"V294",2,2,2,2,2,2,2,2,1
"V295",5,5,4,4,2,2,2,2,1
"V296",10,9,8,7,6,5,3,3,2
"V297",3,3,1,1,1,1,1,1,1
"V298",2,2,2,2,2,2,2,2,1
"V299",10,9,8,7,6,5,3,3,2
"V300",10,9,8,7,6,5,3,3,2
"V301",9,8,7,5,4,4,4,2,1
"V302",5,5,4,4,2,2,2,2,1
"V303",3,3,1,1,1,1,1,1,1
"V304",10,9,8,7,6,5,3,3,2
"V305",7,7,6,6,5,1,1,1,1
"V306",4,4,3,3,3,3,3,3,2
"V307",7,7,6,6,5,1,1,1,1
"V308",6,6,5,5,4,4,4,2,1
"V309",10,9,8,7,6,5,3,3,2
"V310",1,1,1,1,1,1,1,1,1
"V311",7,7,6,6,5,1,1,1,1
"V312",4,4,3,3,3,3,3,3,2
"V313",10,9,8,7,6,5,3,3,2
"V314",2,2,2,2,2,2,2,2,1
"V315",6,6,5,5,4,4,4,2,1
"V316",3,3,1,1,1,1,1,1,1
"V317",7,7,6,6,5,1,1,1,1
"V318",2,2,2,2,2,2,2,2,1
"V319",9,8,7,5,4,4,4,2,1
"V320",10,9,8,7,6,5,3,3,2
"V321",2,2,2,2,2,2,2,2,1
"V322",2,2,2,2,2,2,2,2,1
"V323",10,9,8,7,6,5,3,3,2
"V324",7,7,6,6,5,1,1,1,1
"V325",9,8,7,5,4,4,4,2,1
"V326",7,7,6,6,5,1,1,1,1
"V327",3,3,1,1,1,1,1,1,1
"V328",6,6,5,5,4,4,4,2,1
"V329",10,9,8,7,6,5,3,3,2
"V330",7,7,6,6,5,1,1,1,1
"V331",9,8,7,5,4,4,4,2,1
"V332",2,2,2,2,2,2,2,2,1
"V333",4,4,3,3,3,3,3,3,2
"V334",4,4,3,3,3,3,3,3,2
"V335",10,9,8,7,6,5,3,3,2
"V336",1,1,1,1,1,1,1,1,1
"V337",2,2,2,2,2,2,2,2,1
"V338",6,6,5,5,4,4,4,2,1
"V339",7,7,6,6,5,1,1,1,1
"V340",5,5,4,4,2,2,2,2,1
"V341",7,7,6,6,5,1,1,1,1
"V342",2,2,2,2,2,2,2,2,1
"V343",10,9,8,7,6,5,3,3,2
"V344",2,2,2,2,2,2,2,2,1
"V345",3,3,1,1,1,1,1,1,1
"V346",4,4,3,3,3,3,3,3,2
"V347",7,7,6,6,5,1,1,1,1
"V348",4,4,3,3,3,3,3,3,2
"V349",2,2,2,2,2,2,2,2,1
"V350",10,9,8,7,6,5,3,3,2
"V351",9,8,7,5,4,4,4,2,1
"V352",6,6,5,5,4,4,4,2,1
"V353",9,8,7,5,4,4,4,2,1
"V354",1,1,1,1,1,1,1,1,1
"V355",10,9,8,7,6,5,3,3,2
"V356",2,2,2,2,2,2,2,2,1
"V357",4,4,3,3,3,3,3,3,2
"V358",10,9,8,7,6,5,3,3,2
"V359",4,4,3,3,3,3,3,3,2
"V360",5,5,4,4,2,2,2,2,1
"V361",7,7,6,6,5,1,1,1,1
"V362",7,7,6,6,5,1,1,1,1
"V363",7,7,6,6,5,1,1,1,1
"V364",4,4,3,3,3,3,3,3,2
"V365",10,9,8,7,6,5,3,3,2
"V366",9,8,7,5,4,4,4,2,1
"V367",4,4,3,3,3,3,3,3,2
"V368",5,5,4,4,2,2,2,2,1
"V369",4,4,3,3,3,3,3,3,2
"V370",6,6,5,5,4,4,4,2,1
"V371",10,9,8,7,6,5,3,3,2
"V372",6,6,5,5,4,4,4,2,1
"V373",10,9,8,7,6,5,3,3,2
"V374",2,2,2,2,2,2,2,2,1
"V375",2,2,2,2,2,2,2,2,1
"V376",4,4,3,3,3,3,3,3,2
"V377",10,9,8,7,6,5,3,3,2
"V378",10,9,8,7,6,5,3,3,2
"V379",7,7,6,6,5,1,1,1,1
"V380",2,2,2,2,2,2,2,2,1
"V381",3,3,1,1,1,1,1,1,1
"V382",10,9,8,7,6,5,3,3,2
"V383",7,7,6,6,5,1,1,1,1
"V384",10,9,8,7,6,5,3,3,2
"V385",6,6,5,5,4,4,4,2,1
"V386",10,9,8,7,6,5,3,3,2
"V387",9,8,7,5,4,4,4,2,1
"V388",4,4,3,3,3,3,3,3,2
"V389",10,9,8,7,6,5,3,3,2
"V390",2,2,2,2,2,2,2,2,1
"V391",10,9,8,7,6,5,3,3,2
"V392",2,2,2,2,2,2,2,2,1
"V393",10,9,8,7,6,5,3,3,2
"V394",1,1,1,1,1,1,1,1,1
"V395",1,1,1,1,1,1,1,1,1
"V396",10,9,8,7,6,5,3,3,2
"V397",9,8,7,5,4,4,4,2,1
"V398",10,9,8,7,6,5,3,3,2
"V399",3,3,1,1,1,1,1,1,1
"V400",5,5,4,4,2,2,2,2,1
"V401",7,7,6,6,5,1,1,1,1
"V402",6,6,5,5,4,4,4,2,1
"V403",9,8,7,5,4,4,4,2,1
"V404",10,9,8,7,6,5,3,3,2
"V405",4,4,3,3,3,3,3,3,2
"V406",2,2,2,2,2,2,2,2,1
"V407",6,6,5,5,4,4,4,2,1
"V408",7,7,6,6,5,1,1,1,1
"V409",9,8,7,5,4,4,4,2,1
"V410",4,4,3,3,3,3,3,3,2
"V411",9,8,7,5,4,4,4,2,1
"V412",4,4,3,3,3,3,3,3,2
"V413",5,5,4,4,2,2,2,2,1
"V414",2,2,2,2,2,2,2,2,1
"V415",7,7,6,6,5,1,1,1,1
"V416",7,7,6,6,5,1,1,1,1
"V417",7,7,6,6,5,1,1,1,1
"V418",10,9,8,7,6,5,3,3,2
"V419",4,4,3,3,3,3,3,3,2
"V420",2,2,2,2,2,2,2,2,1
"V421",10,9,8,7,6,5,3,3,2
"V422",2,2,2,2,2,2,2,2,1
"V423",2,2,2,2,2,2,2,2,1
"V424",10,9,8,7,6,5,3,3,2
"V425",6,6,5,5,4,4,4,2,1
"V426",6,6,5,5,4,4,4,2,1
"V427",4,4,3,3,3,3,3,3,2
"V428",10,9,8,7,6,5,3,3,2
"V429",2,2,2,2,2,2,2,2,1
"V430",4,4,3,3,3,3,3,3,2
"V431",10,9,8,7,6,5,3,3,2
"V432",1,1,1,1,1,1,1,1,1
"V433",5,5,4,4,2,2,2,2,1
"V434",10,9,8,7,6,5,3,3,2
"V435",4,4,3,3,3,3,3,3,2
"V436",7,7,6,6,5,1,1,1,1
"V437",10,9,8,7,6,5,3,3,2
"V438",7,7,6,6,5,1,1,1,1
"V439",10,9,8,7,6,5,3,3,2
"V440",10,9,8,7,6,5,3,3,2
"V441",4,4,3,3,3,3,3,3,2
"V442",4,4,3,3,3,3,3,3,2
"V443",8,1,1,1,1,1,1,1,1
"V444",10,9,8,7,6,5,3,3,2
"V445",4,4,3,3,3,3,3,3,2
"V446",6,6,5,5,4,4,4,2,1
"V447",6,6,5,5,4,4,4,2,1
"V448",2,2,2,2,2,2,2,2,1
"V449",6,6,5,5,4,4,4,2,1
"V450",6,6,5,5,4,4,4,2,1
"V451",3,3,1,1,1,1,1,1,1
"V452",10,9,8,7,6,5,3,3,2
"V453",10,9,8,7,6,5,3,3,2
"V454",2,2,2,2,2,2,2,2,1
"V455",10,9,8,7,6,5,3,3,2
"V456",5,5,4,4,2,2,2,2,1
"V457",9,8,7,5,4,4,4,2,1
"V458",9,8,7,5,4,4,4,2,1
"V459",6,6,5,5,4,4,4,2,1
"V460",10,9,8,7,6,5,3,3,2
"V461",4,4,3,3,3,3,3,3,2
"V462",2,2,2,2,2,2,2,2,1
"V463",4,4,3,3,3,3,3,3,2
"V464",2,2,2,2,2,2,2,2,1
"V465",6,6,5,5,4,4,4,2,1
"V466",3,3,1,1,1,1,1,1,1
"V467",10,9,8,7,6,5,3,3,2
"V468",2,2,2,2,2,2,2,2,1
"V469",4,4,3,3,3,3,3,3,2
"V470",2,2,2,2,2,2,2,2,1
"V471",10,9,8,7,6,5,3,3,2
"V472",2,2,2,2,2,2,2,2,1
"V473",3,3,1,1,1,1,1,1,1
"V474",10,9,8,7,6,5,3,3,2
"V475",10,9,8,7,6,5,3,3,2
"V476",4,4,3,3,3,3,3,3,2
"V477",10,9,8,7,6,5,3,3,2
"V478",10,9,8,7,6,5,3,3,2
"V479",1,1,1,1,1,1,1,1,1
"V480",7,7,6,6,5,1,1,1,1
"V481",10,9,8,7,6,5,3,3,2
"V482",4,4,3,3,3,3,3,3,2
"V483",4,4,3,3,3,3,3,3,2
"V484",4,4,3,3,3,3,3,3,2
"V485",4,4,3,3,3,3,3,3,2
"V486",5,5,4,4,2,2,2,2,1
"V487",5,5,4,4,2,2,2,2,1
"V488",10,9,8,7,6,5,3,3,2
"V489",2,2,2,2,2,2,2,2,1
"V490",10,9,8,7,6,5,3,3,2
"V491",4,4,3,3,3,3,3,3,2
"V492",4,4,3,3,3,3,3,3,2
"V493",6,6,5,5,4,4,4,2,1
"V494",2,2,2,2,2,2,2,2,1
"V495",4,4,3,3,3,3,3,3,2
"V496",3,3,1,1,1,1,1,1,1
"V497",4,4,3,3,3,3,3,3,2
"V498",2,2,2,2,2,2,2,2,1
"V499",4,4,3,3,3,3,3,3,2
"V500",2,2,2,2,2,2,2,2,1
"V501",9,8,7,5,4,4,4,2,1
"V502",9,8,7,5,4,4,4,2,1
"V503",10,9,8,7,6,5,3,3,2
"V504",4,4,3,3,3,3,3,3,2
"V505",5,5,4,4,2,2,2,2,1
"V506",6,6,5,5,4,4,4,2,1
"V507",6,6,5,5,4,4,4,2,1
"V508",10,9,8,7,6,5,3,3,2
"V509",2,2,2,2,2,2,2,2,1
"V510",5,5,4,4,2,2,2,2,1
"V511",9,8,7,5,4,4,4,2,1
"V512",10,9,8,7,6,5,3,3,2
"V513",5,5,4,4,2,2,2,2,1
"V514",3,3,1,1,1,1,1,1,1
"V515",3,3,1,1,1,1,1,1,1
"V516",5,5,4,4,2,2,2,2,1
"V517",2,2,2,2,2,2,2,2,1
"V518",3,3,1,1,1,1,1,1,1
"V519",5,5,4,4,2,2,2,2,1
"V520",7,7,6,6,5,1,1,1,1
"V521",3,3,1,1,1,1,1,1,1
"V522",9,8,7,5,4,4,4,2,1
"V523",2,2,2,2,2,2,2,2,1
"V524",9,8,7,5,4,4,4,2,1
"V525",4,4,3,3,3,3,3,3,2
"V526",2,2,2,2,2,2,2,2,1
"V527",4,4,3,3,3,3,3,3,2
"V528",9,8,7,5,4,4,4,2,1
"V529",10,9,8,7,6,5,3,3,2
"V530",6,6,5,5,4,4,4,2,1
"V531",2,2,2,2,2,2,2,2,1
"V532",10,9,8,7,6,5,3,3,2
"V533",5,5,4,4,2,2,2,2,1
"V534",8,1,1,1,1,1,1,1,1
"V535",4,4,3,3,3,3,3,3,2
"V536",3,3,1,1,1,1,1,1,1
"V537",4,4,3,3,3,3,3,3,2
"V538",6,6,5,5,4,4,4,2,1
"V539",10,9,8,7,6,5,3,3,2
"V540",10,9,8,7,6,5,3,3,2
"V541",9,8,7,5,4,4,4,2,1
"V542",10,9,8,7,6,5,3,3,2
"V543",10,9,8,7,6,5,3,3,2
"V544",7,7,6,6,5,1,1,1,1
"V545",2,2,2,2,2,2,2,2,1
"V546",7,7,6,6,5,1,1,1,1
"V547",10,9,8,7,6,5,3,3,2
"V548",10,9,8,7,6,5,3,3,2
"V549",5,5,4,4,2,2,2,2,1
"V550",10,9,8,7,6,5,3,3,2
"V551",7,7,6,6,5,1,1,1,1
"V552",9,8,7,5,4,4,4,2,1
"V553",10,9,8,7,6,5,3,3,2
"V554",2,2,2,2,2,2,2,2,1
"V555",2,2,2,2,2,2,2,2,1
"V556",4,4,3,3,3,3,3,3,2
"V557",4,4,3,3,3,3,3,3,2
"V558",8,1,1,1,1,1,1,1,1
"V559",4,4,3,3,3,3,3,3,2
"V560",6,6,5,5,4,4,4,2,1
"V561",10,9,8,7,6,5,3,3,2
"V562",5,5,4,4,2,2,2,2,1
"V563",6,6,5,5,4,4,4,2,1
"V564",10,9,8,7,6,5,3,3,2
"V565",7,7,6,6,5,1,1,1,1
"V566",5,5,4,4,2,2,2,2,1
"V567",3,3,1,1,1,1,1,1,1
"V568",2,2,2,2,2,2,2,2,1
"V569",9,8,7,5,4,4,4,2,1
"V570",2,2,2,2,2,2,2,2,1
"V571",9,8,7,5,4,4,4,2,1
"V572",7,7,6,6,5,1,1,1,1
"V573",7,7,6,6,5,1,1,1,1
"V574",4,4,3,3,3,3,3,3,2
"V575",2,2,2,2,2,2,2,2,1
"V576",6,6,5,5,4,4,4,2,1
"V577",10,9,8,7,6,5,3,3,2
"V578",5,5,4,4,2,2,2,2,1
"V579",6,6,5,5,4,4,4,2,1
"V580",2,2,2,2,2,2,2,2,1
"V581",10,9,8,7,6,5,3,3,2
"V582",9,8,7,5,4,4,4,2,1
"V583",5,5,4,4,2,2,2,2,1
"V584",4,4,3,3,3,3,3,3,2
"V585",9,8,7,5,4,4,4,2,1
"V586",2,2,2,2,2,2,2,2,1
"V587",10,9,8,7,6,5,3,3,2
"V588",5,5,4,4,2,2,2,2,1
"V589",4,4,3,3,3,3,3,3,2
"V590",4,4,3,3,3,3,3,3,2
"V591",6,6,5,5,4,4,4,2,1
"V592",7,7,6,6,5,1,1,1,1
"V593",7,7,6,6,5,1,1,1,1
"V594",9,8,7,5,4,4,4,2,1
"V595",9,8,7,5,4,4,4,2,1
"V596",4,4,3,3,3,3,3,3,2
"V597",4,4,3,3,3,3,3,3,2
"V598",5,5,4,4,2,2,2,2,1
"V599",2,2,2,2,2,2,2,2,1
"V600",4,4,3,3,3,3,3,3,2
"V601",1,1,1,1,1,1,1,1,1
"V602",2,2,2,2,2,2,2,2,1
"V603",9,8,7,5,4,4,4,2,1
"V604",10,9,8,7,6,5,3,3,2
"V605",7,7,6,6,5,1,1,1,1
"V606",3,3,1,1,1,1,1,1,1
"V607",10,9,8,7,6,5,3,3,2
"V608",6,6,5,5,4,4,4,2,1
"V609",10,9,8,7,6,5,3,3,2
"V610",9,8,7,5,4,4,4,2,1
"V611",3,3,1,1,1,1,1,1,1
"V612",4,4,3,3,3,3,3,3,2
"V613",10,9,8,7,6,5,3,3,2
"V614",6,6,5,5,4,4,4,2,1
"V615",4,4,3,3,3,3,3,3,2
"V616",4,4,3,3,3,3,3,3,2
"V617",10,9,8,7,6,5,3,3,2
"V618",9,8,7,5,4,4,4,2,1
"V619",4,4,3,3,3,3,3,3,2
"V620",6,6,5,5,4,4,4,2,1
"V621",10,9,8,7,6,5,3,3,2
"V622",10,9,8,7,6,5,3,3,2
"V623",10,9,8,7,6,5,3,3,2
"V624",2,2,2,2,2,2,2,2,1
"V625",10,9,8,7,6,5,3,3,2
"V626",4,4,3,3,3,3,3,3,2
"V627",10,9,8,7,6,5,3,3,2
"V628",5,5,4,4,2,2,2,2,1
"V629",4,4,3,3,3,3,3,3,2
"V630",9,8,7,5,4,4,4,2,1
"V631",2,2,2,2,2,2,2,2,1
"V632",4,4,3,3,3,3,3,3,2
"V633",10,9,8,7,6,5,3,3,2
"V634",3,3,1,1,1,1,1,1,1
"V635",7,7,6,6,5,1,1,1,1
"V636",2,2,2,2,2,2,2,2,1
"V637",4,4,3,3,3,3,3,3,2
"V638",1,1,1,1,1,1,1,1,1
"V639",10,9,8,7,6,5,3,3,2
"V640",2,2,2,2,2,2,2,2,1
"V641",7,7,6,6,5,1,1,1,1
"V642",2,2,2,2,2,2,2,2,1
"V643",4,4,3,3,3,3,3,3,2
"V644",4,4,3,3,3,3,3,3,2
"V645",9,8,7,5,4,4,4,2,1
"V646",2,2,2,2,2,2,2,2,1
"V647",4,4,3,3,3,3,3,3,2
"V648",9,8,7,5,4,4,4,2,1
"V649",6,6,5,5,4,4,4,2,1
"V650",4,4,3,3,3,3,3,3,2
"V651",2,2,2,2,2,2,2,2,1
"V652",10,9,8,7,6,5,3,3,2
"V653",6,6,5,5,4,4,4,2,1
"V654",10,9,8,7,6,5,3,3,2
"V655",4,4,3,3,3,3,3,3,2
"V656",6,6,5,5,4,4,4,2,1
"V657",7,7,6,6,5,1,1,1,1
"V658",4,4,3,3,3,3,3,3,2
"V659",9,8,7,5,4,4,4,2,1
"V660",2,2,2,2,2,2,2,2,1
"V661",5,5,4,4,2,2,2,2,1
"V662",9,8,7,5,4,4,4,2,1
"V663",9,8,7,5,4,4,4,2,1
"V664",4,4,3,3,3,3,3,3,2
"V665",2,2,2,2,2,2,2,2,1
"V666",9,8,7,5,4,4,4,2,1
"V667",10,9,8,7,6,5,3,3,2
"V668",10,9,8,7,6,5,3,3,2
"V669",10,9,8,7,6,5,3,3,2
"V670",4,4,3,3,3,3,3,3,2
"V671",5,5,4,4,2,2,2,2,1
"V672",1,1,1,1,1,1,1,1,1
"V673",4,4,3,3,3,3,3,3,2
"V674",9,8,7,5,4,4,4,2,1
"V675",2,2,2,2,2,2,2,2,1
"V676",9,8,7,5,4,4,4,2,1
"V677",5,5,4,4,2,2,2,2,1
"V678",9,8,7,5,4,4,4,2,1
"V679",9,8,7,5,4,4,4,2,1
"V680",2,2,2,2,2,2,2,2,1
"V681",6,6,5,5,4,4,4,2,1
"V682",1,1,1,1,1,1,1,1,1
"V683",6,6,5,5,4,4,4,2,1
"V684",9,8,7,5,4,4,4,2,1
"V685",2,2,2,2,2,2,2,2,1
"V686",4,4,3,3,3,3,3,3,2
"V687",3,3,1,1,1,1,1,1,1
"V688",10,9,8,7,6,5,3,3,2
"V689",4,4,3,3,3,3,3,3,2
"V690",4,4,3,3,3,3,3,3,2
"V691",4,4,3,3,3,3,3,3,2
"V692",9,8,7,5,4,4,4,2,1
"V693",10,9,8,7,6,5,3,3,2
"V694",10,9,8,7,6,5,3,3,2
"V695",6,6,5,5,4,4,4,2,1
"V696",10,9,8,7,6,5,3,3,2
"V697",4,4,3,3,3,3,3,3,2
"V698",6,6,5,5,4,4,4,2,1
"V699",6,6,5,5,4,4,4,2,1
"V700",4,4,3,3,3,3,3,3,2
"V701",9,8,7,5,4,4,4,2,1
"V702",10,9,8,7,6,5,3,3,2
"V703",10,9,8,7,6,5,3,3,2
"V704",7,7,6,6,5,1,1,1,1
"V705",4,4,3,3,3,3,3,3,2
"V706",4,4,3,3,3,3,3,3,2
"V707",10,9,8,7,6,5,3,3,2
"V708",5,5,4,4,2,2,2,2,1
"V709",10,9,8,7,6,5,3,3,2
"V710",2,2,2,2,2,2,2,2,1
"V711",10,9,8,7,6,5,3,3,2
"V712",10,9,8,7,6,5,3,3,2
"V713",1,1,1,1,1,1,1,1,1
"V714",4,4,3,3,3,3,3,3,2
"V715",10,9,8,7,6,5,3,3,2
"V716",1,1,1,1,1,1,1,1,1
"V717",4,4,3,3,3,3,3,3,2
"V718",10,9,8,7,6,5,3,3,2
"V719",4,4,3,3,3,3,3,3,2
"V720",10,9,8,7,6,5,3,3,2
"V721",10,9,8,7,6,5,3,3,2
"V722",6,6,5,5,4,4,4,2,1
"V723",9,8,7,5,4,4,4,2,1
"V724",7,7,6,6,5,1,1,1,1
"V725",5,5,4,4,2,2,2,2,1
"V726",10,9,8,7,6,5,3,3,2
"V727",2,2,2,2,2,2,2,2,1
"V728",10,9,8,7,6,5,3,3,2
"V729",4,4,3,3,3,3,3,3,2
"V730",9,8,7,5,4,4,4,2,1
"V731",7,7,6,6,5,1,1,1,1
"V732",6,6,5,5,4,4,4,2,1
"V733",5,5,4,4,2,2,2,2,1
"V734",3,3,1,1,1,1,1,1,1
"V735",10,9,8,7,6,5,3,3,2
"V736",10,9,8,7,6,5,3,3,2
"V737",4,4,3,3,3,3,3,3,2
"V738",3,3,1,1,1,1,1,1,1
"V739",3,3,1,1,1,1,1,1,1
"V740",2,2,2,2,2,2,2,2,1
"V741",7,7,6,6,5,1,1,1,1
"V742",10,9,8,7,6,5,3,3,2
"V743",9,8,7,5,4,4,4,2,1
"V744",8,1,1,1,1,1,1,1,1
"V745",6,6,5,5,4,4,4,2,1
"V746",7,7,6,6,5,1,1,1,1
"V747",2,2,2,2,2,2,2,2,1
"V748",4,4,3,3,3,3,3,3,2
"V749",3,3,1,1,1,1,1,1,1
"V750",10,9,8,7,6,5,3,3,2
"V751",9,8,7,5,4,4,4,2,1
"V752",10,9,8,7,6,5,3,3,2
"V753",2,2,2,2,2,2,2,2,1
"V754",3,3,1,1,1,1,1,1,1
"V755",6,6,5,5,4,4,4,2,1
"V756",2,2,2,2,2,2,2,2,1
"V757",7,7,6,6,5,1,1,1,1
"V758",9,8,7,5,4,4,4,2,1
"V759",5,5,4,4,2,2,2,2,1
"V760",10,9,8,7,6,5,3,3,2
"V761",10,9,8,7,6,5,3,3,2
"V762",4,4,3,3,3,3,3,3,2
"V763",9,8,7,5,4,4,4,2,1
"V764",7,7,6,6,5,1,1,1,1
"V765",10,9,8,7,6,5,3,3,2
"V766",4,4,3,3,3,3,3,3,2
"V767",5,5,4,4,2,2,2,2,1
"V768",3,3,1,1,1,1,1,1,1
"V769",5,5,4,4,2,2,2,2,1
"V770",3,3,1,1,1,1,1,1,1
"V771",4,4,3,3,3,3,3,3,2
"V772",6,6,5,5,4,4,4,2,1
"V773",4,4,3,3,3,3,3,3,2
"V774",1,1,1,1,1,1,1,1,1
"V775",6,6,5,5,4,4,4,2,1
"V776",5,5,4,4,2,2,2,2,1
"V777",4,4,3,3,3,3,3,3,2
"V778",10,9,8,7,6,5,3,3,2
"V779",6,6,5,5,4,4,4,2,1
"V780",4,4,3,3,3,3,3,3,2
"V781",10,9,8,7,6,5,3,3,2
"V782",7,7,6,6,5,1,1,1,1
"V783",5,5,4,4,2,2,2,2,1
"V784",10,9,8,7,6,5,3,3,2
"V785",3,3,1,1,1,1,1,1,1
"V786",4,4,3,3,3,3,3,3,2
"V787",3,3,1,1,1,1,1,1,1
"V788",4,4,3,3,3,3,3,3,2
"V789",9,8,7,5,4,4,4,2,1
"V790",9,8,7,5,4,4,4,2,1
"V791",9,8,7,5,4,4,4,2,1
"V792",5,5,4,4,2,2,2,2,1
"V793",10,9,8,7,6,5,3,3,2
"V794",7,7,6,6,5,1,1,1,1
"V795",4,4,3,3,3,3,3,3,2
"V796",4,4,3,3,3,3,3,3,2
"V797",4,4,3,3,3,3,3,3,2
"V798",4,4,3,3,3,3,3,3,2
"V799",2,2,2,2,2,2,2,2,1
"V800",10,9,8,7,6,5,3,3,2
"V801",2,2,2,2,2,2,2,2,1
"V802",9,8,7,5,4,4,4,2,1
"V803",9,8,7,5,4,4,4,2,1
"V804",2,2,2,2,2,2,2,2,1
"V805",2,2,2,2,2,2,2,2,1
"V806",4,4,3,3,3,3,3,3,2
"V807",4,4,3,3,3,3,3,3,2
"V808",5,5,4,4,2,2,2,2,1
"V809",4,4,3,3,3,3,3,3,2
"V810",7,7,6,6,5,1,1,1,1
"V811",2,2,2,2,2,2,2,2,1
"V812",3,3,1,1,1,1,1,1,1
"V813",7,7,6,6,5,1,1,1,1
"V814",5,5,4,4,2,2,2,2,1
"V815",2,2,2,2,2,2,2,2,1
"V816",10,9,8,7,6,5,3,3,2
"V817",2,2,2,2,2,2,2,2,1
"V818",5,5,4,4,2,2,2,2,1
"V819",10,9,8,7,6,5,3,3,2
"V820",4,4,3,3,3,3,3,3,2
"V821",10,9,8,7,6,5,3,3,2
"V822",2,2,2,2,2,2,2,2,1
"V823",10,9,8,7,6,5,3,3,2
"V824",9,8,7,5,4,4,4,2,1
"V825",9,8,7,5,4,4,4,2,1
"V826",10,9,8,7,6,5,3,3,2
"V827",3,3,1,1,1,1,1,1,1
"V828",4,4,3,3,3,3,3,3,2
"V829",7,7,6,6,5,1,1,1,1
"V830",10,9,8,7,6,5,3,3,2
"V831",10,9,8,7,6,5,3,3,2
"V832",9,8,7,5,4,4,4,2,1
"V833",2,2,2,2,2,2,2,2,1
"V834",9,8,7,5,4,4,4,2,1
"V835",9,8,7,5,4,4,4,2,1
"V836",9,8,7,5,4,4,4,2,1
"V837",10,9,8,7,6,5,3,3,2
"V838",10,9,8,7,6,5,3,3,2
"V839",7,7,6,6,5,1,1,1,1
"V840",9,8,7,5,4,4,4,2,1
"V841",6,6,5,5,4,4,4,2,1
"V842",4,4,3,3,3,3,3,3,2
"V843",4,4,3,3,3,3,3,3,2
"V844",4,4,3,3,3,3,3,3,2
"V845",2,2,2,2,2,2,2,2,1
"V846",10,9,8,7,6,5,3,3,2
"V847",10,9,8,7,6,5,3,3,2
"V848",10,9,8,7,6,5,3,3,2
"V849",5,5,4,4,2,2,2,2,1
"V850",5,5,4,4,2,2,2,2,1
"V851",4,4,3,3,3,3,3,3,2
"V852",2,2,2,2,2,2,2,2,1
"V853",4,4,3,3,3,3,3,3,2
"V854",10,9,8,7,6,5,3,3,2
"V855",4,4,3,3,3,3,3,3,2
"V856",10,9,8,7,6,5,3,3,2
"V857",7,7,6,6,5,1,1,1,1
"V858",10,9,8,7,6,5,3,3,2
"V859",7,7,6,6,5,1,1,1,1
"V860",4,4,3,3,3,3,3,3,2
"V861",3,3,1,1,1,1,1,1,1
"V862",1,1,1,1,1,1,1,1,1
"V863",10,9,8,7,6,5,3,3,2
"V864",4,4,3,3,3,3,3,3,2
"V865",2,2,2,2,2,2,2,2,1
"V866",7,7,6,6,5,1,1,1,1
"V867",10,9,8,7,6,5,3,3,2
"V868",2,2,2,2,2,2,2,2,1
"V869",9,8,7,5,4,4,4,2,1
"V870",6,6,5,5,4,4,4,2,1
"V871",10,9,8,7,6,5,3,3,2
"V872",2,2,2,2,2,2,2,2,1
"V873",5,5,4,4,2,2,2,2,1
"V874",4,4,3,3,3,3,3,3,2
"V875",7,7,6,6,5,1,1,1,1
"V876",3,3,1,1,1,1,1,1,1
"V877",10,9,8,7,6,5,3,3,2
"V878",4,4,3,3,3,3,3,3,2
"V879",10,9,8,7,6,5,3,3,2
"V880",5,5,4,4,2,2,2,2,1
"V881",6,6,5,5,4,4,4,2,1
"V882",3,3,1,1,1,1,1,1,1
"V883",5,5,4,4,2,2,2,2,1
"V884",10,9,8,7,6,5,3,3,2
"V885",7,7,6,6,5,1,1,1,1
"V886",10,9,8,7,6,5,3,3,2
"V887",5,5,4,4,2,2,2,2,1
"V888",9,8,7,5,4,4,4,2,1
"V889",10,9,8,7,6,5,3,3,2
"V890",9,8,7,5,4,4,4,2,1
"V891",4,4,3,3,3,3,3,3,2
"V892",2,2,2,2,2,2,2,2,1
"V893",7,7,6,6,5,1,1,1,1
"V894",10,9,8,7,6,5,3,3,2
"V895",7,7,6,6,5,1,1,1,1
"V896",8,1,1,1,1,1,1,1,1
"V897",4,4,3,3,3,3,3,3,2
"V898",9,8,7,5,4,4,4,2,1
"V899",2,2,2,2,2,2,2,2,1
"V900",6,6,5,5,4,4,4,2,1
"V901",10,9,8,7,6,5,3,3,2
"V902",2,2,2,2,2,2,2,2,1
"V903",6,6,5,5,4,4,4,2,1
"V904",10,9,8,7,6,5,3,3,2
"V905",4,4,3,3,3,3,3,3,2
"V906",3,3,1,1,1,1,1,1,1
"V907",4,4,3,3,3,3,3,3,2
"V908",4,4,3,3,3,3,3,3,2
"V909",2,2,2,2,2,2,2,2,1
"V910",10,9,8,7,6,5,3,3,2
"V911",10,9,8,7,6,5,3,3,2
"V912",10,9,8,7,6,5,3,3,2
"V913",5,5,4,4,2,2,2,2,1
"V914",6,6,5,5,4,4,4,2,1
"V915",10,9,8,7,6,5,3,3,2
"V916",2,2,2,2,2,2,2,2,1
"V917",1,1,1,1,1,1,1,1,1
"V918",4,4,3,3,3,3,3,3,2
"V919",10,9,8,7,6,5,3,3,2
"V920",4,4,3,3,3,3,3,3,2
"V921",10,9,8,7,6,5,3,3,2
"V922",4,4,3,3,3,3,3,3,2
"V923",10,9,8,7,6,5,3,3,2
"V924",4,4,3,3,3,3,3,3,2
"V925",10,9,8,7,6,5,3,3,2
"V926",4,4,3,3,3,3,3,3,2
"V927",2,2,2,2,2,2,2,2,1
"V928",4,4,3,3,3,3,3,3,2
"V929",3,3,1,1,1,1,1,1,1
"V930",3,3,1,1,1,1,1,1,1
"V931",4,4,3,3,3,3,3,3,2
"V932",4,4,3,3,3,3,3,3,2
"V933",6,6,5,5,4,4,4,2,1
"V934",9,8,7,5,4,4,4,2,1
"V935",5,5,4,4,2,2,2,2,1
"V936",2,2,2,2,2,2,2,2,1
"V937",3,3,1,1,1,1,1,1,1
"V938",10,9,8,7,6,5,3,3,2
"V939",10,9,8,7,6,5,3,3,2
"V940",2,2,2,2,2,2,2,2,1
"V941",2,2,2,2,2,2,2,2,1
"V942",10,9,8,7,6,5,3,3,2
"V943",7,7,6,6,5,1,1,1,1
"V944",10,9,8,7,6,5,3,3,2
"V945",4,4,3,3,3,3,3,3,2
"V946",10,9,8,7,6,5,3,3,2
"V947",10,9,8,7,6,5,3,3,2
"V948",6,6,5,5,4,4,4,2,1
"V949",7,7,6,6,5,1,1,1,1
"V950",7,7,6,6,5,1,1,1,1
"V951",10,9,8,7,6,5,3,3,2
"V952",10,9,8,7,6,5,3,3,2
"V953",10,9,8,7,6,5,3,3,2
"V954",10,9,8,7,6,5,3,3,2
"V955",4,4,3,3,3,3,3,3,2
"V956",10,9,8,7,6,5,3,3,2
"V957",4,4,3,3,3,3,3,3,2
"V958",4,4,3,3,3,3,3,3,2
"V959",7,7,6,6,5,1,1,1,1
"V960",2,2,2,2,2,2,2,2,1
"V961",6,6,5,5,4,4,4,2,1
"V962",10,9,8,7,6,5,3,3,2
"V963",10,9,8,7,6,5,3,3,2
"V964",4,4,3,3,3,3,3,3,2
"V965",4,4,3,3,3,3,3,3,2
"V966",7,7,6,6,5,1,1,1,1
"V967",7,7,6,6,5,1,1,1,1
"V968",6,6,5,5,4,4,4,2,1
"V969",6,6,5,5,4,4,4,2,1
"V970",10,9,8,7,6,5,3,3,2
"V971",6,6,5,5,4,4,4,2,1
"V972",2,2,2,2,2,2,2,2,1
"V973",4,4,3,3,3,3,3,3,2
"V974",6,6,5,5,4,4,4,2,1
"V975",5,5,4,4,2,2,2,2,1
"V976",3,3,1,1,1,1,1,1,1
"V977",10,9,8,7,6,5,3,3,2
"V978",10,9,8,7,6,5,3,3,2
"V979",1,1,1,1,1,1,1,1,1
"V980",7,7,6,6,5,1,1,1,1
"V981",7,7,6,6,5,1,1,1,1
"V982",10,9,8,7,6,5,3,3,2
"V983",4,4,3,3,3,3,3,3,2
"V984",4,4,3,3,3,3,3,3,2
"V985",7,7,6,6,5,1,1,1,1
"V986",10,9,8,7,6,5,3,3,2
"V987",7,7,6,6,5,1,1,1,1
"V988",6,6,5,5,4,4,4,2,1
"V989",2,2,2,2,2,2,2,2,1
"V990",9,8,7,5,4,4,4,2,1
"V991",5,5,4,4,2,2,2,2,1
"V992",2,2,2,2,2,2,2,2,1
"V993",5,5,4,4,2,2,2,2,1
"V994",4,4,3,3,3,3,3,3,2
"V995",10,9,8,7,6,5,3,3,2
"V996",9,8,7,5,4,4,4,2,1
"V997",10,9,8,7,6,5,3,3,2
"V998",5,5,4,4,2,2,2,2,1
"V999",9,8,7,5,4,4,4,2,1
"V1000",4,4,3,3,3,3,3,3,2
