"","Cl_mat","cl_id","cl_id.1","cl_id.2","cl_id.3","cl_id.4","cl_id.5","cl_id.6","cl_id.7"
"V1",4,3,3,3,3,3,2,2,2
"V2",1,1,1,1,1,1,1,1,1
"V3",3,2,2,2,2,2,1,1,1
"V4",5,4,4,1,1,1,1,1,1
"V5",6,5,5,4,4,1,1,1,1
"V6",9,8,8,7,6,5,4,2,2
"V7",6,5,5,4,4,1,1,1,1
"V8",7,6,6,5,5,4,3,3,1
"V9",8,7,7,6,5,4,3,3,1
"V10",4,3,3,3,3,3,2,2,2
"V11",9,8,8,7,6,5,4,2,2
"V12",2,1,1,1,1,1,1,1,1
"V13",4,3,3,3,3,3,2,2,2
"V14",8,7,7,6,5,4,3,3,1
"V15",3,2,2,2,2,2,1,1,1
"V16",7,6,6,5,5,4,3,3,1
"V17",3,2,2,2,2,2,1,1,1
"V18",8,7,7,6,5,4,3,3,1
"V19",9,8,8,7,6,5,4,2,2
"V20",9,8,8,7,6,5,4,2,2
"V21",10,9,2,2,2,2,1,1,1
"V22",4,3,3,3,3,3,2,2,2
"V23",5,4,4,1,1,1,1,1,1
"V24",7,6,6,5,5,4,3,3,1
"V25",7,6,6,5,5,4,3,3,1
"V26",8,7,7,6,5,4,3,3,1
"V27",5,4,4,1,1,1,1,1,1
"V28",8,7,7,6,5,4,3,3,1
"V29",9,8,8,7,6,5,4,2,2
"V30",9,8,8,7,6,5,4,2,2
"V31",1,1,1,1,1,1,1,1,1
"V32",8,7,7,6,5,4,3,3,1
"V33",7,6,6,5,5,4,3,3,1
"V34",9,8,8,7,6,5,4,2,2
"V35",9,8,8,7,6,5,4,2,2
"V36",4,3,3,3,3,3,2,2,2
"V37",4,3,3,3,3,3,2,2,2
"V38",10,9,2,2,2,2,1,1,1
"V39",6,5,5,4,4,1,1,1,1
"V40",9,8,8,7,6,5,4,2,2
"V41",4,3,3,3,3,3,2,2,2
"V42",9,8,8,7,6,5,4,2,2
"V43",4,3,3,3,3,3,2,2,2
"V44",7,6,6,5,5,4,3,3,1
"V45",7,6,6,5,5,4,3,3,1
"V46",7,6,6,5,5,4,3,3,1
"V47",8,7,7,6,5,4,3,3,1
"V48",7,6,6,5,5,4,3,3,1
"V49",9,8,8,7,6,5,4,2,2
"V50",3,2,2,2,2,2,1,1,1
"V51",4,3,3,3,3,3,2,2,2
"V52",7,6,6,5,5,4,3,3,1
"V53",4,3,3,3,3,3,2,2,2
"V54",9,8,8,7,6,5,4,2,2
"V55",9,8,8,7,6,5,4,2,2
"V56",2,1,1,1,1,1,1,1,1
"V57",9,8,8,7,6,5,4,2,2
"V58",8,7,7,6,5,4,3,3,1
"V59",4,3,3,3,3,3,2,2,2
"V60",8,7,7,6,5,4,3,3,1
"V61",9,8,8,7,6,5,4,2,2
"V62",4,3,3,3,3,3,2,2,2
"V63",8,7,7,6,5,4,3,3,1
"V64",9,8,8,7,6,5,4,2,2
"V65",1,1,1,1,1,1,1,1,1
"V66",8,7,7,6,5,4,3,3,1
"V67",9,8,8,7,6,5,4,2,2
"V68",4,3,3,3,3,3,2,2,2
"V69",9,8,8,7,6,5,4,2,2
"V70",7,6,6,5,5,4,3,3,1
"V71",6,5,5,4,4,1,1,1,1
"V72",9,8,8,7,6,5,4,2,2
"V73",9,8,8,7,6,5,4,2,2
"V74",8,7,7,6,5,4,3,3,1
"V75",9,8,8,7,6,5,4,2,2
"V76",4,3,3,3,3,3,2,2,2
"V77",4,3,3,3,3,3,2,2,2
"V78",9,8,8,7,6,5,4,2,2
"V79",4,3,3,3,3,3,2,2,2
"V80",4,3,3,3,3,3,2,2,2
"V81",4,3,3,3,3,3,2,2,2
"V82",9,8,8,7,6,5,4,2,2
"V83",4,3,3,3,3,3,2,2,2
"V84",4,3,3,3,3,3,2,2,2
"V85",4,3,3,3,3,3,2,2,2
"V86",4,3,3,3,3,3,2,2,2
"V87",7,6,6,5,5,4,3,3,1
"V88",7,6,6,5,5,4,3,3,1
"V89",6,5,5,4,4,1,1,1,1
"V90",6,5,5,4,4,1,1,1,1
"V91",8,7,7,6,5,4,3,3,1
"V92",8,7,7,6,5,4,3,3,1
"V93",7,6,6,5,5,4,3,3,1
"V94",9,8,8,7,6,5,4,2,2
"V95",8,7,7,6,5,4,3,3,1
"V96",4,3,3,3,3,3,2,2,2
"V97",3,2,2,2,2,2,1,1,1
"V98",4,3,3,3,3,3,2,2,2
"V99",3,2,2,2,2,2,1,1,1
"V100",4,3,3,3,3,3,2,2,2
"V101",10,9,2,2,2,2,1,1,1
"V102",8,7,7,6,5,4,3,3,1
"V103",4,3,3,3,3,3,2,2,2
"V104",7,6,6,5,5,4,3,3,1
"V105",7,6,6,5,5,4,3,3,1
"V106",4,3,3,3,3,3,2,2,2
"V107",9,8,8,7,6,5,4,2,2
"V108",3,2,2,2,2,2,1,1,1
"V109",9,8,8,7,6,5,4,2,2
"V110",4,3,3,3,3,3,2,2,2
"V111",4,3,3,3,3,3,2,2,2
"V112",4,3,3,3,3,3,2,2,2
"V113",2,1,1,1,1,1,1,1,1
"V114",3,2,2,2,2,2,1,1,1
"V115",8,7,7,6,5,4,3,3,1
"V116",10,9,2,2,2,2,1,1,1
"V117",4,3,3,3,3,3,2,2,2
"V118",8,7,7,6,5,4,3,3,1
"V119",4,3,3,3,3,3,2,2,2
"V120",4,3,3,3,3,3,2,2,2
"V121",6,5,5,4,4,1,1,1,1
"V122",4,3,3,3,3,3,2,2,2
"V123",3,2,2,2,2,2,1,1,1
"V124",8,7,7,6,5,4,3,3,1
"V125",3,2,2,2,2,2,1,1,1
"V126",5,4,4,1,1,1,1,1,1
"V127",1,1,1,1,1,1,1,1,1
"V128",9,8,8,7,6,5,4,2,2
"V129",9,8,8,7,6,5,4,2,2
"V130",8,7,7,6,5,4,3,3,1
"V131",8,7,7,6,5,4,3,3,1
"V132",8,7,7,6,5,4,3,3,1
"V133",3,2,2,2,2,2,1,1,1
"V134",9,8,8,7,6,5,4,2,2
"V135",7,6,6,5,5,4,3,3,1
"V136",7,6,6,5,5,4,3,3,1
"V137",7,6,6,5,5,4,3,3,1
"V138",4,3,3,3,3,3,2,2,2
"V139",7,6,6,5,5,4,3,3,1
"V140",4,3,3,3,3,3,2,2,2
"V141",4,3,3,3,3,3,2,2,2
"V142",9,8,8,7,6,5,4,2,2
"V143",2,1,1,1,1,1,1,1,1
"V144",7,6,6,5,5,4,3,3,1
"V145",3,2,2,2,2,2,1,1,1
"V146",9,8,8,7,6,5,4,2,2
"V147",9,8,8,7,6,5,4,2,2
"V148",7,6,6,5,5,4,3,3,1
"V149",4,3,3,3,3,3,2,2,2
"V150",4,3,3,3,3,3,2,2,2
"V151",4,3,3,3,3,3,2,2,2
"V152",4,3,3,3,3,3,2,2,2
"V153",9,8,8,7,6,5,4,2,2
"V154",8,7,7,6,5,4,3,3,1
"V155",9,8,8,7,6,5,4,2,2
"V156",6,5,5,4,4,1,1,1,1
"V157",9,8,8,7,6,5,4,2,2
"V158",4,3,3,3,3,3,2,2,2
"V159",8,7,7,6,5,4,3,3,1
"V160",4,3,3,3,3,3,2,2,2
"V161",2,1,1,1,1,1,1,1,1
"V162",8,7,7,6,5,4,3,3,1
"V163",8,7,7,6,5,4,3,3,1
"V164",4,3,3,3,3,3,2,2,2
"V165",9,8,8,7,6,5,4,2,2
"V166",3,2,2,2,2,2,1,1,1
"V167",6,5,5,4,4,1,1,1,1
"V168",4,3,3,3,3,3,2,2,2
"V169",6,5,5,4,4,1,1,1,1
"V170",4,3,3,3,3,3,2,2,2
"V171",9,8,8,7,6,5,4,2,2
"V172",10,9,2,2,2,2,1,1,1
"V173",8,7,7,6,5,4,3,3,1
"V174",3,2,2,2,2,2,1,1,1
"V175",6,5,5,4,4,1,1,1,1
"V176",3,2,2,2,2,2,1,1,1
"V177",4,3,3,3,3,3,2,2,2
"V178",9,8,8,7,6,5,4,2,2
"V179",9,8,8,7,6,5,4,2,2
"V180",8,7,7,6,5,4,3,3,1
"V181",7,6,6,5,5,4,3,3,1
"V182",4,3,3,3,3,3,2,2,2
"V183",2,1,1,1,1,1,1,1,1
"V184",9,8,8,7,6,5,4,2,2
"V185",4,3,3,3,3,3,2,2,2
"V186",3,2,2,2,2,2,1,1,1
"V187",6,5,5,4,4,1,1,1,1
"V188",4,3,3,3,3,3,2,2,2
"V189",8,7,7,6,5,4,3,3,1
"V190",4,3,3,3,3,3,2,2,2
"V191",3,2,2,2,2,2,1,1,1
"V192",9,8,8,7,6,5,4,2,2
"V193",3,2,2,2,2,2,1,1,1
"V194",3,2,2,2,2,2,1,1,1
"V195",2,1,1,1,1,1,1,1,1
"V196",9,8,8,7,6,5,4,2,2
"V197",4,3,3,3,3,3,2,2,2
"V198",5,4,4,1,1,1,1,1,1
"V199",4,3,3,3,3,3,2,2,2
"V200",9,8,8,7,6,5,4,2,2
"V201",6,5,5,4,4,1,1,1,1
"V202",9,8,8,7,6,5,4,2,2
"V203",7,6,6,5,5,4,3,3,1
"V204",4,3,3,3,3,3,2,2,2
"V205",9,8,8,7,6,5,4,2,2
"V206",8,7,7,6,5,4,3,3,1
"V207",10,9,2,2,2,2,1,1,1
"V208",9,8,8,7,6,5,4,2,2
"V209",4,3,3,3,3,3,2,2,2
"V210",9,8,8,7,6,5,4,2,2
"V211",9,8,8,7,6,5,4,2,2
"V212",4,3,3,3,3,3,2,2,2
"V213",4,3,3,3,3,3,2,2,2
"V214",7,6,6,5,5,4,3,3,1
"V215",4,3,3,3,3,3,2,2,2
"V216",4,3,3,3,3,3,2,2,2
"V217",9,8,8,7,6,5,4,2,2
"V218",9,8,8,7,6,5,4,2,2
"V219",4,3,3,3,3,3,2,2,2
"V220",7,6,6,5,5,4,3,3,1
"V221",5,4,4,1,1,1,1,1,1
"V222",9,8,8,7,6,5,4,2,2
"V223",9,8,8,7,6,5,4,2,2
"V224",8,7,7,6,5,4,3,3,1
"V225",9,8,8,7,6,5,4,2,2
"V226",6,5,5,4,4,1,1,1,1
"V227",4,3,3,3,3,3,2,2,2
"V228",4,3,3,3,3,3,2,2,2
"V229",1,1,1,1,1,1,1,1,1
"V230",2,1,1,1,1,1,1,1,1
"V231",9,8,8,7,6,5,4,2,2
"V232",9,8,8,7,6,5,4,2,2
"V233",3,2,2,2,2,2,1,1,1
"V234",4,3,3,3,3,3,2,2,2
"V235",3,2,2,2,2,2,1,1,1
"V236",9,8,8,7,6,5,4,2,2
"V237",4,3,3,3,3,3,2,2,2
"V238",4,3,3,3,3,3,2,2,2
"V239",6,5,5,4,4,1,1,1,1
"V240",8,7,7,6,5,4,3,3,1
"V241",6,5,5,4,4,1,1,1,1
"V242",9,8,8,7,6,5,4,2,2
"V243",8,7,7,6,5,4,3,3,1
"V244",7,6,6,5,5,4,3,3,1
"V245",9,8,8,7,6,5,4,2,2
"V246",3,2,2,2,2,2,1,1,1
"V247",9,8,8,7,6,5,4,2,2
"V248",9,8,8,7,6,5,4,2,2
"V249",9,8,8,7,6,5,4,2,2
"V250",9,8,8,7,6,5,4,2,2
"V251",9,8,8,7,6,5,4,2,2
"V252",4,3,3,3,3,3,2,2,2
"V253",6,5,5,4,4,1,1,1,1
"V254",4,3,3,3,3,3,2,2,2
"V255",9,8,8,7,6,5,4,2,2
"V256",3,2,2,2,2,2,1,1,1
"V257",7,6,6,5,5,4,3,3,1
"V258",7,6,6,5,5,4,3,3,1
"V259",9,8,8,7,6,5,4,2,2
"V260",7,6,6,5,5,4,3,3,1
"V261",4,3,3,3,3,3,2,2,2
"V262",9,8,8,7,6,5,4,2,2
"V263",4,3,3,3,3,3,2,2,2
"V264",9,8,8,7,6,5,4,2,2
"V265",5,4,4,1,1,1,1,1,1
"V266",4,3,3,3,3,3,2,2,2
"V267",9,8,8,7,6,5,4,2,2
"V268",10,9,2,2,2,2,1,1,1
"V269",6,5,5,4,4,1,1,1,1
"V270",9,8,8,7,6,5,4,2,2
"V271",3,2,2,2,2,2,1,1,1
"V272",9,8,8,7,6,5,4,2,2
"V273",5,4,4,1,1,1,1,1,1
"V274",4,3,3,3,3,3,2,2,2
"V275",4,3,3,3,3,3,2,2,2
"V276",4,3,3,3,3,3,2,2,2
"V277",8,7,7,6,5,4,3,3,1
"V278",9,8,8,7,6,5,4,2,2
"V279",4,3,3,3,3,3,2,2,2
"V280",1,1,1,1,1,1,1,1,1
"V281",6,5,5,4,4,1,1,1,1
"V282",9,8,8,7,6,5,4,2,2
"V283",6,5,5,4,4,1,1,1,1
"V284",8,7,7,6,5,4,3,3,1
"V285",4,3,3,3,3,3,2,2,2
"V286",4,3,3,3,3,3,2,2,2
"V287",2,1,1,1,1,1,1,1,1
"V288",4,3,3,3,3,3,2,2,2
"V289",4,3,3,3,3,3,2,2,2
"V290",6,5,5,4,4,1,1,1,1
"V291",7,6,6,5,5,4,3,3,1
"V292",5,4,4,1,1,1,1,1,1
"V293",7,6,6,5,5,4,3,3,1
"V294",8,7,7,6,5,4,3,3,1
"V295",7,6,6,5,5,4,3,3,1
"V296",4,3,3,3,3,3,2,2,2
"V297",5,4,4,1,1,1,1,1,1
"V298",8,7,7,6,5,4,3,3,1
"V299",4,3,3,3,3,3,2,2,2
"V300",9,8,8,7,6,5,4,2,2
"V301",4,3,3,3,3,3,2,2,2
"V302",7,6,6,5,5,4,3,3,1
"V303",5,4,4,1,1,1,1,1,1
"V304",9,8,8,7,6,5,4,2,2
"V305",6,5,5,4,4,1,1,1,1
"V306",7,6,6,5,5,4,3,3,1
"V307",6,5,5,4,4,1,1,1,1
"V308",3,2,2,2,2,2,1,1,1
"V309",4,3,3,3,3,3,2,2,2
"V310",1,1,1,1,1,1,1,1,1
"V311",6,5,5,4,4,1,1,1,1
"V312",9,8,8,7,6,5,4,2,2
"V313",4,3,3,3,3,3,2,2,2
"V314",8,7,7,6,5,4,3,3,1
"V315",3,2,2,2,2,2,1,1,1
"V316",5,4,4,1,1,1,1,1,1
"V317",6,5,5,4,4,1,1,1,1
"V318",8,7,7,6,5,4,3,3,1
"V319",4,3,3,3,3,3,2,2,2
"V320",8,7,7,6,5,4,3,3,1
"V321",3,2,2,2,2,2,1,1,1
"V322",8,7,7,6,5,4,3,3,1
"V323",9,8,8,7,6,5,4,2,2
"V324",6,5,5,4,4,1,1,1,1
"V325",4,3,3,3,3,3,2,2,2
"V326",6,5,5,4,4,1,1,1,1
"V327",5,4,4,1,1,1,1,1,1
"V328",3,2,2,2,2,2,1,1,1
"V329",4,3,3,3,3,3,2,2,2
"V330",6,5,5,4,4,1,1,1,1
"V331",4,3,3,3,3,3,2,2,2
"V332",8,7,7,6,5,4,3,3,1
"V333",9,8,8,7,6,5,4,2,2
"V334",9,8,8,7,6,5,4,2,2
"V335",4,3,3,3,3,3,2,2,2
"V336",1,1,1,1,1,1,1,1,1
"V337",8,7,7,6,5,4,3,3,1
"V338",3,2,2,2,2,2,1,1,1
"V339",6,5,5,4,4,1,1,1,1
"V340",7,6,6,5,5,4,3,3,1
"V341",6,5,5,4,4,1,1,1,1
"V342",8,7,7,6,5,4,3,3,1
"V343",9,8,8,7,6,5,4,2,2
"V344",8,7,7,6,5,4,3,3,1
"V345",5,4,4,1,1,1,1,1,1
"V346",9,8,8,7,6,5,4,2,2
"V347",6,5,5,4,4,1,1,1,1
"V348",9,8,8,7,6,5,4,2,2
"V349",8,7,7,6,5,4,3,3,1
"V350",4,3,3,3,3,3,2,2,2
"V351",1,1,1,1,1,1,1,1,1
"V352",3,2,2,2,2,2,1,1,1
"V353",4,3,3,3,3,3,2,2,2
"V354",1,1,1,1,1,1,1,1,1
"V355",8,7,7,6,5,4,3,3,1
"V356",8,7,7,6,5,4,3,3,1
"V357",9,8,8,7,6,5,4,2,2
"V358",9,8,8,7,6,5,4,2,2
"V359",9,8,8,7,6,5,4,2,2
"V360",7,6,6,5,5,4,3,3,1
"V361",6,5,5,4,4,1,1,1,1
"V362",6,5,5,4,4,1,1,1,1
"V363",6,5,5,4,4,1,1,1,1
"V364",9,8,8,7,6,5,4,2,2
"V365",4,3,3,3,3,3,2,2,2
"V366",4,3,3,3,3,3,2,2,2
"V367",9,8,8,7,6,5,4,2,2
"V368",7,6,6,5,5,4,3,3,1
"V369",9,8,8,7,6,5,4,2,2
"V370",10,9,2,2,2,2,1,1,1
"V371",9,8,8,7,6,5,4,2,2
"V372",3,2,2,2,2,2,1,1,1
"V373",4,3,3,3,3,3,2,2,2
"V374",8,7,7,6,5,4,3,3,1
"V375",8,7,7,6,5,4,3,3,1
"V376",9,8,8,7,6,5,4,2,2
"V377",4,3,3,3,3,3,2,2,2
"V378",9,8,8,7,6,5,4,2,2
"V379",6,5,5,4,4,1,1,1,1
"V380",8,7,7,6,5,4,3,3,1
"V381",5,4,4,1,1,1,1,1,1
"V382",4,3,3,3,3,3,2,2,2
"V383",6,5,5,4,4,1,1,1,1
"V384",9,8,8,7,6,5,4,2,2
"V385",10,9,2,2,2,2,1,1,1
"V386",4,3,3,3,3,3,2,2,2
"V387",4,3,3,3,3,3,2,2,2
"V388",9,8,8,7,6,5,4,2,2
"V389",4,3,3,3,3,3,2,2,2
"V390",8,7,7,6,5,4,3,3,1
"V391",4,3,3,3,3,3,2,2,2
"V392",8,7,7,6,5,4,3,3,1
"V393",8,7,7,6,5,4,3,3,1
"V394",1,1,1,1,1,1,1,1,1
"V395",1,1,1,1,1,1,1,1,1
"V396",9,8,8,7,6,5,4,2,2
"V397",4,3,3,3,3,3,2,2,2
"V398",9,8,8,7,6,5,4,2,2
"V399",5,4,4,1,1,1,1,1,1
"V400",7,6,6,5,5,4,3,3,1
"V401",6,5,5,4,4,1,1,1,1
"V402",10,9,2,2,2,2,1,1,1
"V403",4,3,3,3,3,3,2,2,2
"V404",4,3,3,3,3,3,2,2,2
"V405",9,8,8,7,6,5,4,2,2
"V406",8,7,7,6,5,4,3,3,1
"V407",3,2,2,2,2,2,1,1,1
"V408",6,5,5,4,4,1,1,1,1
"V409",4,3,3,3,3,3,2,2,2
"V410",9,8,8,7,6,5,4,2,2
"V411",4,3,3,3,3,3,2,2,2
"V412",9,8,8,7,6,5,4,2,2
"V413",7,6,6,5,5,4,3,3,1
"V414",4,3,3,3,3,3,2,2,2
"V415",6,5,5,4,4,1,1,1,1
"V416",6,5,5,4,4,1,1,1,1
"V417",6,5,5,4,4,1,1,1,1
"V418",9,8,8,7,6,5,4,2,2
"V419",9,8,8,7,6,5,4,2,2
"V420",8,7,7,6,5,4,3,3,1
"V421",4,3,3,3,3,3,2,2,2
"V422",8,7,7,6,5,4,3,3,1
"V423",8,7,7,6,5,4,3,3,1
"V424",4,3,3,3,3,3,2,2,2
"V425",3,2,2,2,2,2,1,1,1
"V426",3,2,2,2,2,2,1,1,1
"V427",9,8,8,7,6,5,4,2,2
"V428",4,3,3,3,3,3,2,2,2
"V429",8,7,7,6,5,4,3,3,1
"V430",9,8,8,7,6,5,4,2,2
"V431",4,3,3,3,3,3,2,2,2
"V432",1,1,1,1,1,1,1,1,1
"V433",7,6,6,5,5,4,3,3,1
"V434",4,3,3,3,3,3,2,2,2
"V435",9,8,8,7,6,5,4,2,2
"V436",6,5,5,4,4,1,1,1,1
"V437",4,3,3,3,3,3,2,2,2
"V438",6,5,5,4,4,1,1,1,1
"V439",9,8,8,7,6,5,4,2,2
"V440",4,3,3,3,3,3,2,2,2
"V441",9,8,8,7,6,5,4,2,2
"V442",9,8,8,7,6,5,4,2,2
"V443",2,1,1,1,1,1,1,1,1
"V444",4,3,3,3,3,3,2,2,2
"V445",9,8,8,7,6,5,4,2,2
"V446",3,2,2,2,2,2,1,1,1
"V447",10,9,2,2,2,2,1,1,1
"V448",8,7,7,6,5,4,3,3,1
"V449",10,9,2,2,2,2,1,1,1
"V450",3,2,2,2,2,2,1,1,1
"V451",5,4,4,1,1,1,1,1,1
"V452",4,3,3,3,3,3,2,2,2
"V453",4,3,3,3,3,3,2,2,2
"V454",8,7,7,6,5,4,3,3,1
"V455",9,8,8,7,6,5,4,2,2
"V456",7,6,6,5,5,4,3,3,1
"V457",4,3,3,3,3,3,2,2,2
"V458",4,3,3,3,3,3,2,2,2
"V459",10,9,2,2,2,2,1,1,1
"V460",9,8,8,7,6,5,4,2,2
"V461",9,8,8,7,6,5,4,2,2
"V462",8,7,7,6,5,4,3,3,1
"V463",9,8,8,7,6,5,4,2,2
"V464",8,7,7,6,5,4,3,3,1
"V465",3,2,2,2,2,2,1,1,1
"V466",5,4,4,1,1,1,1,1,1
"V467",4,3,3,3,3,3,2,2,2
"V468",8,7,7,6,5,4,3,3,1
"V469",9,8,8,7,6,5,4,2,2
"V470",8,7,7,6,5,4,3,3,1
"V471",3,2,2,2,2,2,1,1,1
"V472",8,7,7,6,5,4,3,3,1
"V473",5,4,4,1,1,1,1,1,1
"V474",4,3,3,3,3,3,2,2,2
"V475",4,3,3,3,3,3,2,2,2
"V476",9,8,8,7,6,5,4,2,2
"V477",4,3,3,3,3,3,2,2,2
"V478",4,3,3,3,3,3,2,2,2
"V479",1,1,1,1,1,1,1,1,1
"V480",6,5,5,4,4,1,1,1,1
"V481",4,3,3,3,3,3,2,2,2
"V482",9,8,8,7,6,5,4,2,2
"V483",9,8,8,7,6,5,4,2,2
"V484",9,8,8,7,6,5,4,2,2
"V485",9,8,8,7,6,5,4,2,2
"V486",7,6,6,5,5,4,3,3,1
"V487",7,6,6,5,5,4,3,3,1
"V488",9,8,8,7,6,5,4,2,2
"V489",8,7,7,6,5,4,3,3,1
"V490",9,8,8,7,6,5,4,2,2
"V491",9,8,8,7,6,5,4,2,2
"V492",9,8,8,7,6,5,4,2,2
"V493",3,2,2,2,2,2,1,1,1
"V494",8,7,7,6,5,4,3,3,1
"V495",9,8,8,7,6,5,4,2,2
"V496",5,4,4,1,1,1,1,1,1
"V497",9,8,8,7,6,5,4,2,2
"V498",8,7,7,6,5,4,3,3,1
"V499",9,8,8,7,6,5,4,2,2
"V500",8,7,7,6,5,4,3,3,1
"V501",4,3,3,3,3,3,2,2,2
"V502",1,1,1,1,1,1,1,1,1
"V503",9,8,8,7,6,5,4,2,2
"V504",9,8,8,7,6,5,4,2,2
"V505",7,6,6,5,5,4,3,3,1
"V506",3,2,2,2,2,2,1,1,1
"V507",3,2,2,2,2,2,1,1,1
"V508",4,3,3,3,3,3,2,2,2
"V509",8,7,7,6,5,4,3,3,1
"V510",7,6,6,5,5,4,3,3,1
"V511",4,3,3,3,3,3,2,2,2
"V512",8,7,7,6,5,4,3,3,1
"V513",7,6,6,5,5,4,3,3,1
"V514",5,4,4,1,1,1,1,1,1
"V515",5,4,4,1,1,1,1,1,1
"V516",7,6,6,5,5,4,3,3,1
"V517",8,7,7,6,5,4,3,3,1
"V518",5,4,4,1,1,1,1,1,1
"V519",7,6,6,5,5,4,3,3,1
"V520",6,5,5,4,4,1,1,1,1
"V521",5,4,4,1,1,1,1,1,1
"V522",4,3,3,3,3,3,2,2,2
"V523",3,2,2,2,2,2,1,1,1
"V524",4,3,3,3,3,3,2,2,2
"V525",9,8,8,7,6,5,4,2,2
"V526",8,7,7,6,5,4,3,3,1
"V527",9,8,8,7,6,5,4,2,2
"V528",4,3,3,3,3,3,2,2,2
"V529",4,3,3,3,3,3,2,2,2
"V530",3,2,2,2,2,2,1,1,1
"V531",8,7,7,6,5,4,3,3,1
"V532",4,3,3,3,3,3,2,2,2
"V533",7,6,6,5,5,4,3,3,1
"V534",2,1,1,1,1,1,1,1,1
"V535",9,8,8,7,6,5,4,2,2
"V536",5,4,4,1,1,1,1,1,1
"V537",9,8,8,7,6,5,4,2,2
"V538",3,2,2,2,2,2,1,1,1
"V539",4,3,3,3,3,3,2,2,2
"V540",4,3,3,3,3,3,2,2,2
"V541",4,3,3,3,3,3,2,2,2
"V542",4,3,3,3,3,3,2,2,2
"V543",9,8,8,7,6,5,4,2,2
"V544",6,5,5,4,4,1,1,1,1
"V545",8,7,7,6,5,4,3,3,1
"V546",6,5,5,4,4,1,1,1,1
"V547",4,3,3,3,3,3,2,2,2
"V548",9,8,8,7,6,5,4,2,2
"V549",7,6,6,5,5,4,3,3,1
"V550",4,3,3,3,3,3,2,2,2
"V551",6,5,5,4,4,1,1,1,1
"V552",4,3,3,3,3,3,2,2,2
"V553",4,3,3,3,3,3,2,2,2
"V554",8,7,7,6,5,4,3,3,1
"V555",8,7,7,6,5,4,3,3,1
"V556",9,8,8,7,6,5,4,2,2
"V557",9,8,8,7,6,5,4,2,2
"V558",2,1,1,1,1,1,1,1,1
"V559",9,8,8,7,6,5,4,2,2
"V560",3,2,2,2,2,2,1,1,1
"V561",9,8,8,7,6,5,4,2,2
"V562",7,6,6,5,5,4,3,3,1
"V563",3,2,2,2,2,2,1,1,1
"V564",9,8,8,7,6,5,4,2,2
"V565",6,5,5,4,4,1,1,1,1
"V566",7,6,6,5,5,4,3,3,1
"V567",5,4,4,1,1,1,1,1,1
"V568",8,7,7,6,5,4,3,3,1
"V569",4,3,3,3,3,3,2,2,2
"V570",8,7,7,6,5,4,3,3,1
"V571",4,3,3,3,3,3,2,2,2
"V572",6,5,5,4,4,1,1,1,1
"V573",6,5,5,4,4,1,1,1,1
"V574",9,8,8,7,6,5,4,2,2
"V575",8,7,7,6,5,4,3,3,1
"V576",3,2,2,2,2,2,1,1,1
"V577",9,8,8,7,6,5,4,2,2
"V578",7,6,6,5,5,4,3,3,1
"V579",10,9,2,2,2,2,1,1,1
"V580",8,7,7,6,5,4,3,3,1
"V581",4,3,3,3,3,3,2,2,2
"V582",3,2,2,2,2,2,1,1,1
"V583",7,6,6,5,5,4,3,3,1
"V584",9,8,8,7,6,5,4,2,2
"V585",4,3,3,3,3,3,2,2,2
"V586",8,7,7,6,5,4,3,3,1
"V587",4,3,3,3,3,3,2,2,2
"V588",7,6,6,5,5,4,3,3,1
"V589",9,8,8,7,6,5,4,2,2
"V590",7,6,6,5,5,4,3,3,1
"V591",3,2,2,2,2,2,1,1,1
"V592",6,5,5,4,4,1,1,1,1
"V593",6,5,5,4,4,1,1,1,1
"V594",4,3,3,3,3,3,2,2,2
"V595",4,3,3,3,3,3,2,2,2
"V596",9,8,8,7,6,5,4,2,2
"V597",9,8,8,7,6,5,4,2,2
"V598",7,6,6,5,5,4,3,3,1
"V599",8,7,7,6,5,4,3,3,1
"V600",9,8,8,7,6,5,4,2,2
"V601",1,1,1,1,1,1,1,1,1
"V602",8,7,7,6,5,4,3,3,1
"V603",4,3,3,3,3,3,2,2,2
"V604",9,8,8,7,6,5,4,2,2
"V605",6,5,5,4,4,1,1,1,1
"V606",5,4,4,1,1,1,1,1,1
"V607",9,8,8,7,6,5,4,2,2
"V608",3,2,2,2,2,2,1,1,1
"V609",8,7,7,6,5,4,3,3,1
"V610",4,3,3,3,3,3,2,2,2
"V611",5,4,4,1,1,1,1,1,1
"V612",9,8,8,7,6,5,4,2,2
"V613",8,7,7,6,5,4,3,3,1
"V614",3,2,2,2,2,2,1,1,1
"V615",9,8,8,7,6,5,4,2,2
"V616",9,8,8,7,6,5,4,2,2
"V617",4,3,3,3,3,3,2,2,2
"V618",4,3,3,3,3,3,2,2,2
"V619",9,8,8,7,6,5,4,2,2
"V620",3,2,2,2,2,2,1,1,1
"V621",9,8,8,7,6,5,4,2,2
"V622",9,8,8,7,6,5,4,2,2
"V623",9,8,8,7,6,5,4,2,2
"V624",8,7,7,6,5,4,3,3,1
"V625",4,3,3,3,3,3,2,2,2
"V626",9,8,8,7,6,5,4,2,2
"V627",4,3,3,3,3,3,2,2,2
"V628",7,6,6,5,5,4,3,3,1
"V629",7,6,6,5,5,4,3,3,1
"V630",4,3,3,3,3,3,2,2,2
"V631",8,7,7,6,5,4,3,3,1
"V632",9,8,8,7,6,5,4,2,2
"V633",9,8,8,7,6,5,4,2,2
"V634",5,4,4,1,1,1,1,1,1
"V635",6,5,5,4,4,1,1,1,1
"V636",7,6,6,5,5,4,3,3,1
"V637",9,8,8,7,6,5,4,2,2
"V638",1,1,1,1,1,1,1,1,1
"V639",4,3,3,3,3,3,2,2,2
"V640",8,7,7,6,5,4,3,3,1
"V641",6,5,5,4,4,1,1,1,1
"V642",8,7,7,6,5,4,3,3,1
"V643",9,8,8,7,6,5,4,2,2
"V644",7,6,6,5,5,4,3,3,1
"V645",4,3,3,3,3,3,2,2,2
"V646",8,7,7,6,5,4,3,3,1
"V647",9,8,8,7,6,5,4,2,2
"V648",4,3,3,3,3,3,2,2,2
"V649",3,2,2,2,2,2,1,1,1
"V650",9,8,8,7,6,5,4,2,2
"V651",8,7,7,6,5,4,3,3,1
"V652",4,3,3,3,3,3,2,2,2
"V653",3,2,2,2,2,2,1,1,1
"V654",9,8,8,7,6,5,4,2,2
"V655",9,8,8,7,6,5,4,2,2
"V656",3,2,2,2,2,2,1,1,1
"V657",6,5,5,4,4,1,1,1,1
"V658",9,8,8,7,6,5,4,2,2
"V659",8,7,7,6,5,4,3,3,1
"V660",8,7,7,6,5,4,3,3,1
"V661",7,6,6,5,5,4,3,3,1
"V662",4,3,3,3,3,3,2,2,2
"V663",4,3,3,3,3,3,2,2,2
"V664",9,8,8,7,6,5,4,2,2
"V665",8,7,7,6,5,4,3,3,1
"V666",4,3,3,3,3,3,2,2,2
"V667",4,3,3,3,3,3,2,2,2
"V668",4,3,3,3,3,3,2,2,2
"V669",4,3,3,3,3,3,2,2,2
"V670",9,8,8,7,6,5,4,2,2
"V671",7,6,6,5,5,4,3,3,1
"V672",1,1,1,1,1,1,1,1,1
"V673",9,8,8,7,6,5,4,2,2
"V674",4,3,3,3,3,3,2,2,2
"V675",8,7,7,6,5,4,3,3,1
"V676",4,3,3,3,3,3,2,2,2
"V677",7,6,6,5,5,4,3,3,1
"V678",4,3,3,3,3,3,2,2,2
"V679",4,3,3,3,3,3,2,2,2
"V680",8,7,7,6,5,4,3,3,1
"V681",3,2,2,2,2,2,1,1,1
"V682",1,1,1,1,1,1,1,1,1
"V683",10,9,2,2,2,2,1,1,1
"V684",3,2,2,2,2,2,1,1,1
"V685",3,2,2,2,2,2,1,1,1
"V686",7,6,6,5,5,4,3,3,1
"V687",5,4,4,1,1,1,1,1,1
"V688",9,8,8,7,6,5,4,2,2
"V689",9,8,8,7,6,5,4,2,2
"V690",9,8,8,7,6,5,4,2,2
"V691",9,8,8,7,6,5,4,2,2
"V692",4,3,3,3,3,3,2,2,2
"V693",8,7,7,6,5,4,3,3,1
"V694",9,8,8,7,6,5,4,2,2
"V695",10,9,2,2,2,2,1,1,1
"V696",3,2,2,2,2,2,1,1,1
"V697",9,8,8,7,6,5,4,2,2
"V698",3,2,2,2,2,2,1,1,1
"V699",3,2,2,2,2,2,1,1,1
"V700",9,8,8,7,6,5,4,2,2
"V701",4,3,3,3,3,3,2,2,2
"V702",4,3,3,3,3,3,2,2,2
"V703",4,3,3,3,3,3,2,2,2
"V704",6,5,5,4,4,1,1,1,1
"V705",9,8,8,7,6,5,4,2,2
"V706",9,8,8,7,6,5,4,2,2
"V707",4,3,3,3,3,3,2,2,2
"V708",7,6,6,5,5,4,3,3,1
"V709",4,3,3,3,3,3,2,2,2
"V710",8,7,7,6,5,4,3,3,1
"V711",9,8,8,7,6,5,4,2,2
"V712",9,8,8,7,6,5,4,2,2
"V713",1,1,1,1,1,1,1,1,1
"V714",9,8,8,7,6,5,4,2,2
"V715",4,3,3,3,3,3,2,2,2
"V716",1,1,1,1,1,1,1,1,1
"V717",9,8,8,7,6,5,4,2,2
"V718",9,8,8,7,6,5,4,2,2
"V719",9,8,8,7,6,5,4,2,2
"V720",9,8,8,7,6,5,4,2,2
"V721",4,3,3,3,3,3,2,2,2
"V722",10,9,2,2,2,2,1,1,1
"V723",4,3,3,3,3,3,2,2,2
"V724",6,5,5,4,4,1,1,1,1
"V725",7,6,6,5,5,4,3,3,1
"V726",4,3,3,3,3,3,2,2,2
"V727",8,7,7,6,5,4,3,3,1
"V728",4,3,3,3,3,3,2,2,2
"V729",9,8,8,7,6,5,4,2,2
"V730",4,3,3,3,3,3,2,2,2
"V731",6,5,5,4,4,1,1,1,1
"V732",3,2,2,2,2,2,1,1,1
"V733",7,6,6,5,5,4,3,3,1
"V734",5,4,4,1,1,1,1,1,1
"V735",4,3,3,3,3,3,2,2,2
"V736",4,3,3,3,3,3,2,2,2
"V737",9,8,8,7,6,5,4,2,2
"V738",5,4,4,1,1,1,1,1,1
"V739",5,4,4,1,1,1,1,1,1
"V740",8,7,7,6,5,4,3,3,1
"V741",6,5,5,4,4,1,1,1,1
"V742",4,3,3,3,3,3,2,2,2
"V743",4,3,3,3,3,3,2,2,2
"V744",2,1,1,1,1,1,1,1,1
"V745",3,2,2,2,2,2,1,1,1
"V746",6,5,5,4,4,1,1,1,1
"V747",8,7,7,6,5,4,3,3,1
"V748",9,8,8,7,6,5,4,2,2
"V749",5,4,4,1,1,1,1,1,1
"V750",4,3,3,3,3,3,2,2,2
"V751",4,3,3,3,3,3,2,2,2
"V752",4,3,3,3,3,3,2,2,2
"V753",8,7,7,6,5,4,3,3,1
"V754",5,4,4,1,1,1,1,1,1
"V755",3,2,2,2,2,2,1,1,1
"V756",8,7,7,6,5,4,3,3,1
"V757",6,5,5,4,4,1,1,1,1
"V758",4,3,3,3,3,3,2,2,2
"V759",7,6,6,5,5,4,3,3,1
"V760",4,3,3,3,3,3,2,2,2
"V761",4,3,3,3,3,3,2,2,2
"V762",9,8,8,7,6,5,4,2,2
"V763",4,3,3,3,3,3,2,2,2
"V764",6,5,5,4,4,1,1,1,1
"V765",8,7,7,6,5,4,3,3,1
"V766",7,6,6,5,5,4,3,3,1
"V767",7,6,6,5,5,4,3,3,1
"V768",5,4,4,1,1,1,1,1,1
"V769",7,6,6,5,5,4,3,3,1
"V770",5,4,4,1,1,1,1,1,1
"V771",9,8,8,7,6,5,4,2,2
"V772",3,2,2,2,2,2,1,1,1
"V773",9,8,8,7,6,5,4,2,2
"V774",1,1,1,1,1,1,1,1,1
"V775",3,2,2,2,2,2,1,1,1
"V776",7,6,6,5,5,4,3,3,1
"V777",9,8,8,7,6,5,4,2,2
"V778",4,3,3,3,3,3,2,2,2
"V779",3,2,2,2,2,2,1,1,1
"V780",7,6,6,5,5,4,3,3,1
"V781",4,3,3,3,3,3,2,2,2
"V782",6,5,5,4,4,1,1,1,1
"V783",7,6,6,5,5,4,3,3,1
"V784",4,3,3,3,3,3,2,2,2
"V785",5,4,4,1,1,1,1,1,1
"V786",9,8,8,7,6,5,4,2,2
"V787",5,4,4,1,1,1,1,1,1
"V788",9,8,8,7,6,5,4,2,2
"V789",4,3,3,3,3,3,2,2,2
"V790",3,2,2,2,2,2,1,1,1
"V791",4,3,3,3,3,3,2,2,2
"V792",7,6,6,5,5,4,3,3,1
"V793",4,3,3,3,3,3,2,2,2
"V794",6,5,5,4,4,1,1,1,1
"V795",9,8,8,7,6,5,4,2,2
"V796",9,8,8,7,6,5,4,2,2
"V797",9,8,8,7,6,5,4,2,2
"V798",9,8,8,7,6,5,4,2,2
"V799",8,7,7,6,5,4,3,3,1
"V800",9,8,8,7,6,5,4,2,2
"V801",8,7,7,6,5,4,3,3,1
"V802",4,3,3,3,3,3,2,2,2
"V803",4,3,3,3,3,3,2,2,2
"V804",8,7,7,6,5,4,3,3,1
"V805",8,7,7,6,5,4,3,3,1
"V806",9,8,8,7,6,5,4,2,2
"V807",9,8,8,7,6,5,4,2,2
"V808",7,6,6,5,5,4,3,3,1
"V809",9,8,8,7,6,5,4,2,2
"V810",6,5,5,4,4,1,1,1,1
"V811",8,7,7,6,5,4,3,3,1
"V812",5,4,4,1,1,1,1,1,1
"V813",6,5,5,4,4,1,1,1,1
"V814",7,6,6,5,5,4,3,3,1
"V815",8,7,7,6,5,4,3,3,1
"V816",9,8,8,7,6,5,4,2,2
"V817",8,7,7,6,5,4,3,3,1
"V818",7,6,6,5,5,4,3,3,1
"V819",8,7,7,6,5,4,3,3,1
"V820",9,8,8,7,6,5,4,2,2
"V821",4,3,3,3,3,3,2,2,2
"V822",8,7,7,6,5,4,3,3,1
"V823",9,8,8,7,6,5,4,2,2
"V824",4,3,3,3,3,3,2,2,2
"V825",4,3,3,3,3,3,2,2,2
"V826",9,8,8,7,6,5,4,2,2
"V827",5,4,4,1,1,1,1,1,1
"V828",9,8,8,7,6,5,4,2,2
"V829",6,5,5,4,4,1,1,1,1
"V830",9,8,8,7,6,5,4,2,2
"V831",9,8,8,7,6,5,4,2,2
"V832",4,3,3,3,3,3,2,2,2
"V833",8,7,7,6,5,4,3,3,1
"V834",4,3,3,3,3,3,2,2,2
"V835",4,3,3,3,3,3,2,2,2
"V836",4,3,3,3,3,3,2,2,2
"V837",9,8,8,7,6,5,4,2,2
"V838",9,8,8,7,6,5,4,2,2
"V839",6,5,5,4,4,1,1,1,1
"V840",4,3,3,3,3,3,2,2,2
"V841",3,2,2,2,2,2,1,1,1
"V842",9,8,8,7,6,5,4,2,2
"V843",9,8,8,7,6,5,4,2,2
"V844",9,8,8,7,6,5,4,2,2
"V845",8,7,7,6,5,4,3,3,1
"V846",4,3,3,3,3,3,2,2,2
"V847",4,3,3,3,3,3,2,2,2
"V848",4,3,3,3,3,3,2,2,2
"V849",7,6,6,5,5,4,3,3,1
"V850",7,6,6,5,5,4,3,3,1
"V851",9,8,8,7,6,5,4,2,2
"V852",8,7,7,6,5,4,3,3,1
"V853",9,8,8,7,6,5,4,2,2
"V854",4,3,3,3,3,3,2,2,2
"V855",9,8,8,7,6,5,4,2,2
"V856",4,3,3,3,3,3,2,2,2
"V857",6,5,5,4,4,1,1,1,1
"V858",8,7,7,6,5,4,3,3,1
"V859",6,5,5,4,4,1,1,1,1
"V860",9,8,8,7,6,5,4,2,2
"V861",5,4,4,1,1,1,1,1,1
"V862",1,1,1,1,1,1,1,1,1
"V863",4,3,3,3,3,3,2,2,2
"V864",9,8,8,7,6,5,4,2,2
"V865",8,7,7,6,5,4,3,3,1
"V866",6,5,5,4,4,1,1,1,1
"V867",9,8,8,7,6,5,4,2,2
"V868",8,7,7,6,5,4,3,3,1
"V869",4,3,3,3,3,3,2,2,2
"V870",3,2,2,2,2,2,1,1,1
"V871",9,8,8,7,6,5,4,2,2
"V872",8,7,7,6,5,4,3,3,1
"V873",7,6,6,5,5,4,3,3,1
"V874",9,8,8,7,6,5,4,2,2
"V875",6,5,5,4,4,1,1,1,1
"V876",5,4,4,1,1,1,1,1,1
"V877",4,3,3,3,3,3,2,2,2
"V878",9,8,8,7,6,5,4,2,2
"V879",9,8,8,7,6,5,4,2,2
"V880",7,6,6,5,5,4,3,3,1
"V881",3,2,2,2,2,2,1,1,1
"V882",5,4,4,1,1,1,1,1,1
"V883",7,6,6,5,5,4,3,3,1
"V884",9,8,8,7,6,5,4,2,2
"V885",6,5,5,4,4,1,1,1,1
"V886",4,3,3,3,3,3,2,2,2
"V887",7,6,6,5,5,4,3,3,1
"V888",4,3,3,3,3,3,2,2,2
"V889",4,3,3,3,3,3,2,2,2
"V890",4,3,3,3,3,3,2,2,2
"V891",9,8,8,7,6,5,4,2,2
"V892",4,3,3,3,3,3,2,2,2
"V893",6,5,5,4,4,1,1,1,1
"V894",9,8,8,7,6,5,4,2,2
"V895",6,5,5,4,4,1,1,1,1
"V896",2,1,1,1,1,1,1,1,1
"V897",7,6,6,5,5,4,3,3,1
"V898",4,3,3,3,3,3,2,2,2
"V899",8,7,7,6,5,4,3,3,1
"V900",3,2,2,2,2,2,1,1,1
"V901",4,3,3,3,3,3,2,2,2
"V902",8,7,7,6,5,4,3,3,1
"V903",3,2,2,2,2,2,1,1,1
"V904",9,8,8,7,6,5,4,2,2
"V905",9,8,8,7,6,5,4,2,2
"V906",5,4,4,1,1,1,1,1,1
"V907",9,8,8,7,6,5,4,2,2
"V908",9,8,8,7,6,5,4,2,2
"V909",8,7,7,6,5,4,3,3,1
"V910",4,3,3,3,3,3,2,2,2
"V911",4,3,3,3,3,3,2,2,2
"V912",9,8,8,7,6,5,4,2,2
"V913",7,6,6,5,5,4,3,3,1
"V914",3,2,2,2,2,2,1,1,1
"V915",9,8,8,7,6,5,4,2,2
"V916",8,7,7,6,5,4,3,3,1
"V917",1,1,1,1,1,1,1,1,1
"V918",9,8,8,7,6,5,4,2,2
"V919",9,8,8,7,6,5,4,2,2
"V920",9,8,8,7,6,5,4,2,2
"V921",4,3,3,3,3,3,2,2,2
"V922",9,8,8,7,6,5,4,2,2
"V923",9,8,8,7,6,5,4,2,2
"V924",9,8,8,7,6,5,4,2,2
"V925",9,8,8,7,6,5,4,2,2
"V926",9,8,8,7,6,5,4,2,2
"V927",8,7,7,6,5,4,3,3,1
"V928",9,8,8,7,6,5,4,2,2
"V929",5,4,4,1,1,1,1,1,1
"V930",5,4,4,1,1,1,1,1,1
"V931",9,8,8,7,6,5,4,2,2
"V932",9,8,8,7,6,5,4,2,2
"V933",3,2,2,2,2,2,1,1,1
"V934",4,3,3,3,3,3,2,2,2
"V935",7,6,6,5,5,4,3,3,1
"V936",8,7,7,6,5,4,3,3,1
"V937",5,4,4,1,1,1,1,1,1
"V938",4,3,3,3,3,3,2,2,2
"V939",9,8,8,7,6,5,4,2,2
"V940",8,7,7,6,5,4,3,3,1
"V941",8,7,7,6,5,4,3,3,1
"V942",9,8,8,7,6,5,4,2,2
"V943",6,5,5,4,4,1,1,1,1
"V944",8,7,7,6,5,4,3,3,1
"V945",9,8,8,7,6,5,4,2,2
"V946",4,3,3,3,3,3,2,2,2
"V947",4,3,3,3,3,3,2,2,2
"V948",10,9,2,2,2,2,1,1,1
"V949",6,5,5,4,4,1,1,1,1
"V950",6,5,5,4,4,1,1,1,1
"V951",4,3,3,3,3,3,2,2,2
"V952",9,8,8,7,6,5,4,2,2
"V953",4,3,3,3,3,3,2,2,2
"V954",8,7,7,6,5,4,3,3,1
"V955",9,8,8,7,6,5,4,2,2
"V956",4,3,3,3,3,3,2,2,2
"V957",9,8,8,7,6,5,4,2,2
"V958",9,8,8,7,6,5,4,2,2
"V959",6,5,5,4,4,1,1,1,1
"V960",8,7,7,6,5,4,3,3,1
"V961",10,9,2,2,2,2,1,1,1
"V962",9,8,8,7,6,5,4,2,2
"V963",9,8,8,7,6,5,4,2,2
"V964",9,8,8,7,6,5,4,2,2
"V965",9,8,8,7,6,5,4,2,2
"V966",6,5,5,4,4,1,1,1,1
"V967",6,5,5,4,4,1,1,1,1
"V968",3,2,2,2,2,2,1,1,1
"V969",3,2,2,2,2,2,1,1,1
"V970",9,8,8,7,6,5,4,2,2
"V971",3,2,2,2,2,2,1,1,1
"V972",8,7,7,6,5,4,3,3,1
"V973",9,8,8,7,6,5,4,2,2
"V974",10,9,2,2,2,2,1,1,1
"V975",7,6,6,5,5,4,3,3,1
"V976",5,4,4,1,1,1,1,1,1
"V977",9,8,8,7,6,5,4,2,2
"V978",9,8,8,7,6,5,4,2,2
"V979",1,1,1,1,1,1,1,1,1
"V980",6,5,5,4,4,1,1,1,1
"V981",6,5,5,4,4,1,1,1,1
"V982",4,3,3,3,3,3,2,2,2
"V983",9,8,8,7,6,5,4,2,2
"V984",9,8,8,7,6,5,4,2,2
"V985",6,5,5,4,4,1,1,1,1
"V986",4,3,3,3,3,3,2,2,2
"V987",6,5,5,4,4,1,1,1,1
"V988",3,2,2,2,2,2,1,1,1
"V989",8,7,7,6,5,4,3,3,1
"V990",4,3,3,3,3,3,2,2,2
"V991",7,6,6,5,5,4,3,3,1
"V992",8,7,7,6,5,4,3,3,1
"V993",7,6,6,5,5,4,3,3,1
"V994",9,8,8,7,6,5,4,2,2
"V995",4,3,3,3,3,3,2,2,2
"V996",4,3,3,3,3,3,2,2,2
"V997",8,7,7,6,5,4,3,3,1
"V998",7,6,6,5,5,4,3,3,1
"V999",4,3,3,3,3,3,2,2,2
"V1000",9,8,8,7,6,5,4,2,2
