"","Cl_mat","cl_id","cl_id.1","cl_id.2","cl_id.3","cl_id.4","cl_id.5","cl_id.6","cl_id.7"
"V1",9,8,7,6,6,2,2,2,2
"V2",3,1,1,1,1,1,1,1,1
"V3",2,2,1,1,1,1,1,1,1
"V4",5,4,3,3,3,3,3,1,1
"V5",8,7,6,3,3,3,3,1,1
"V6",4,3,2,2,2,2,2,2,2
"V7",8,7,6,3,3,3,3,1,1
"V8",10,9,8,7,4,4,4,3,2
"V9",6,5,4,4,4,4,4,3,2
"V10",4,3,2,2,2,2,2,2,2
"V11",7,6,5,5,5,5,4,3,2
"V12",8,7,6,3,3,3,3,1,1
"V13",4,3,2,2,2,2,2,2,2
"V14",6,5,4,4,4,4,4,3,2
"V15",2,2,1,1,1,1,1,1,1
"V16",10,9,8,7,4,4,4,3,2
"V17",2,2,1,1,1,1,1,1,1
"V18",6,5,4,4,4,4,4,3,2
"V19",7,6,5,5,5,5,4,3,2
"V20",7,6,5,5,5,5,4,3,2
"V21",1,1,1,1,1,1,1,1,1
"V22",9,8,7,6,6,2,2,2,2
"V23",5,4,3,3,3,3,3,1,1
"V24",10,9,8,7,4,4,4,3,2
"V25",10,9,8,7,4,4,4,3,2
"V26",6,5,4,4,4,4,4,3,2
"V27",5,4,3,3,3,3,3,1,1
"V28",6,5,4,4,4,4,4,3,2
"V29",7,6,5,5,5,5,4,3,2
"V30",7,6,5,5,5,5,4,3,2
"V31",3,1,1,1,1,1,1,1,1
"V32",6,5,4,4,4,4,4,3,2
"V33",10,9,8,7,4,4,4,3,2
"V34",7,6,5,5,5,5,4,3,2
"V35",4,3,2,2,2,2,2,2,2
"V36",9,8,7,6,6,2,2,2,2
"V37",4,3,2,2,2,2,2,2,2
"V38",1,1,1,1,1,1,1,1,1
"V39",8,7,6,3,3,3,3,1,1
"V40",4,3,2,2,2,2,2,2,2
"V41",4,3,2,2,2,2,2,2,2
"V42",7,6,5,5,5,5,4,3,2
"V43",4,3,2,2,2,2,2,2,2
"V44",7,6,5,5,5,5,4,3,2
"V45",10,9,8,7,4,4,4,3,2
"V46",10,9,8,7,4,4,4,3,2
"V47",6,5,4,4,4,4,4,3,2
"V48",10,9,8,7,4,4,4,3,2
"V49",7,6,5,5,5,5,4,3,2
"V50",2,2,1,1,1,1,1,1,1
"V51",9,8,7,6,6,2,2,2,2
"V52",10,9,8,7,4,4,4,3,2
"V53",9,8,7,6,6,2,2,2,2
"V54",4,3,2,2,2,2,2,2,2
"V55",7,6,5,5,5,5,4,3,2
"V56",1,1,1,1,1,1,1,1,1
"V57",7,6,5,5,5,5,4,3,2
"V58",6,5,4,4,4,4,4,3,2
"V59",4,3,2,2,2,2,2,2,2
"V60",6,5,4,4,4,4,4,3,2
"V61",7,6,5,5,5,5,4,3,2
"V62",9,8,7,6,6,2,2,2,2
"V63",6,5,4,4,4,4,4,3,2
"V64",4,3,2,2,2,2,2,2,2
"V65",3,1,1,1,1,1,1,1,1
"V66",6,5,4,4,4,4,4,3,2
"V67",7,6,5,5,5,5,4,3,2
"V68",4,3,2,2,2,2,2,2,2
"V69",7,6,5,5,5,5,4,3,2
"V70",10,9,8,7,4,4,4,3,2
"V71",8,7,6,3,3,3,3,1,1
"V72",7,6,5,5,5,5,4,3,2
"V73",4,3,2,2,2,2,2,2,2
"V74",6,5,4,4,4,4,4,3,2
"V75",7,6,5,5,5,5,4,3,2
"V76",4,3,2,2,2,2,2,2,2
"V77",4,3,2,2,2,2,2,2,2
"V78",7,6,5,5,5,5,4,3,2
"V79",4,3,2,2,2,2,2,2,2
"V80",4,3,2,2,2,2,2,2,2
"V81",4,3,2,2,2,2,2,2,2
"V82",4,3,2,2,2,2,2,2,2
"V83",4,3,2,2,2,2,2,2,2
"V84",4,3,2,2,2,2,2,2,2
"V85",9,8,7,6,6,2,2,2,2
"V86",4,3,2,2,2,2,2,2,2
"V87",10,9,8,7,4,4,4,3,2
"V88",10,9,8,7,4,4,4,3,2
"V89",8,7,6,3,3,3,3,1,1
"V90",8,7,6,3,3,3,3,1,1
"V91",6,5,4,4,4,4,4,3,2
"V92",4,3,2,2,2,2,2,2,2
"V93",10,9,8,7,4,4,4,3,2
"V94",7,6,5,5,5,5,4,3,2
"V95",6,5,4,4,4,4,4,3,2
"V96",4,3,2,2,2,2,2,2,2
"V97",2,2,1,1,1,1,1,1,1
"V98",9,8,7,6,6,2,2,2,2
"V99",2,2,1,1,1,1,1,1,1
"V100",4,3,2,2,2,2,2,2,2
"V101",1,1,1,1,1,1,1,1,1
"V102",4,3,2,2,2,2,2,2,2
"V103",4,3,2,2,2,2,2,2,2
"V104",10,9,8,7,4,4,4,3,2
"V105",10,9,8,7,4,4,4,3,2
"V106",9,8,7,6,6,2,2,2,2
"V107",7,6,5,5,5,5,4,3,2
"V108",2,2,1,1,1,1,1,1,1
"V109",7,6,5,5,5,5,4,3,2
"V110",4,3,2,2,2,2,2,2,2
"V111",4,3,2,2,2,2,2,2,2
"V112",9,8,7,6,6,2,2,2,2
"V113",3,1,1,1,1,1,1,1,1
"V114",2,2,1,1,1,1,1,1,1
"V115",6,5,4,4,4,4,4,3,2
"V116",1,1,1,1,1,1,1,1,1
"V117",9,8,7,6,6,2,2,2,2
"V118",6,5,4,4,4,4,4,3,2
"V119",4,3,2,2,2,2,2,2,2
"V120",4,3,2,2,2,2,2,2,2
"V121",8,7,6,3,3,3,3,1,1
"V122",4,3,2,2,2,2,2,2,2
"V123",2,2,1,1,1,1,1,1,1
"V124",4,3,2,2,2,2,2,2,2
"V125",2,2,1,1,1,1,1,1,1
"V126",5,4,3,3,3,3,3,1,1
"V127",3,1,1,1,1,1,1,1,1
"V128",4,3,2,2,2,2,2,2,2
"V129",7,6,5,5,5,5,4,3,2
"V130",6,5,4,4,4,4,4,3,2
"V131",6,5,4,4,4,4,4,3,2
"V132",6,5,4,4,4,4,4,3,2
"V133",2,2,1,1,1,1,1,1,1
"V134",7,6,5,5,5,5,4,3,2
"V135",10,9,8,7,4,4,4,3,2
"V136",10,9,8,7,4,4,4,3,2
"V137",10,9,8,7,4,4,4,3,2
"V138",9,8,7,6,6,2,2,2,2
"V139",10,9,8,7,4,4,4,3,2
"V140",4,3,2,2,2,2,2,2,2
"V141",4,3,2,2,2,2,2,2,2
"V142",7,6,5,5,5,5,4,3,2
"V143",3,1,1,1,1,1,1,1,1
"V144",10,9,8,7,4,4,4,3,2
"V145",2,2,1,1,1,1,1,1,1
"V146",7,6,5,5,5,5,4,3,2
"V147",7,6,5,5,5,5,4,3,2
"V148",10,9,8,7,4,4,4,3,2
"V149",4,3,2,2,2,2,2,2,2
"V150",4,3,2,2,2,2,2,2,2
"V151",9,8,7,6,6,2,2,2,2
"V152",4,3,2,2,2,2,2,2,2
"V153",7,6,5,5,5,5,4,3,2
"V154",6,5,4,4,4,4,4,3,2
"V155",7,6,5,5,5,5,4,3,2
"V156",8,7,6,3,3,3,3,1,1
"V157",7,6,5,5,5,5,4,3,2
"V158",9,8,7,6,6,2,2,2,2
"V159",6,5,4,4,4,4,4,3,2
"V160",9,8,7,6,6,2,2,2,2
"V161",3,1,1,1,1,1,1,1,1
"V162",6,5,4,4,4,4,4,3,2
"V163",6,5,4,4,4,4,4,3,2
"V164",9,8,7,6,6,2,2,2,2
"V165",4,3,2,2,2,2,2,2,2
"V166",2,2,1,1,1,1,1,1,1
"V167",8,7,6,3,3,3,3,1,1
"V168",4,3,2,2,2,2,2,2,2
"V169",8,7,6,3,3,3,3,1,1
"V170",9,8,7,6,6,2,2,2,2
"V171",7,6,5,5,5,5,4,3,2
"V172",1,1,1,1,1,1,1,1,1
"V173",6,5,4,4,4,4,4,3,2
"V174",2,2,1,1,1,1,1,1,1
"V175",8,7,6,3,3,3,3,1,1
"V176",2,2,1,1,1,1,1,1,1
"V177",4,3,2,2,2,2,2,2,2
"V178",4,3,2,2,2,2,2,2,2
"V179",4,3,2,2,2,2,2,2,2
"V180",6,5,4,4,4,4,4,3,2
"V181",10,9,8,7,4,4,4,3,2
"V182",4,3,2,2,2,2,2,2,2
"V183",3,1,1,1,1,1,1,1,1
"V184",4,3,2,2,2,2,2,2,2
"V185",4,3,2,2,2,2,2,2,2
"V186",2,2,1,1,1,1,1,1,1
"V187",8,7,6,3,3,3,3,1,1
"V188",4,3,2,2,2,2,2,2,2
"V189",6,5,4,4,4,4,4,3,2
"V190",4,3,2,2,2,2,2,2,2
"V191",2,2,1,1,1,1,1,1,1
"V192",7,6,5,5,5,5,4,3,2
"V193",2,2,1,1,1,1,1,1,1
"V194",2,2,1,1,1,1,1,1,1
"V195",3,1,1,1,1,1,1,1,1
"V196",7,6,5,5,5,5,4,3,2
"V197",4,3,2,2,2,2,2,2,2
"V198",5,4,3,3,3,3,3,1,1
"V199",4,3,2,2,2,2,2,2,2
"V200",7,6,5,5,5,5,4,3,2
"V201",8,7,6,3,3,3,3,1,1
"V202",7,6,5,5,5,5,4,3,2
"V203",10,9,8,7,4,4,4,3,2
"V204",9,8,7,6,6,2,2,2,2
"V205",7,6,5,5,5,5,4,3,2
"V206",6,5,4,4,4,4,4,3,2
"V207",1,1,1,1,1,1,1,1,1
"V208",4,3,2,2,2,2,2,2,2
"V209",9,8,7,6,6,2,2,2,2
"V210",4,3,2,2,2,2,2,2,2
"V211",7,6,5,5,5,5,4,3,2
"V212",4,3,2,2,2,2,2,2,2
"V213",4,3,2,2,2,2,2,2,2
"V214",10,9,8,7,4,4,4,3,2
"V215",4,3,2,2,2,2,2,2,2
"V216",4,3,2,2,2,2,2,2,2
"V217",7,6,5,5,5,5,4,3,2
"V218",4,3,2,2,2,2,2,2,2
"V219",4,3,2,2,2,2,2,2,2
"V220",10,9,8,7,4,4,4,3,2
"V221",5,4,3,3,3,3,3,1,1
"V222",7,6,5,5,5,5,4,3,2
"V223",7,6,5,5,5,5,4,3,2
"V224",6,5,4,4,4,4,4,3,2
"V225",4,3,2,2,2,2,2,2,2
"V226",8,7,6,3,3,3,3,1,1
"V227",4,3,2,2,2,2,2,2,2
"V228",4,3,2,2,2,2,2,2,2
"V229",3,1,1,1,1,1,1,1,1
"V230",1,1,1,1,1,1,1,1,1
"V231",7,6,5,5,5,5,4,3,2
"V232",7,6,5,5,5,5,4,3,2
"V233",2,2,1,1,1,1,1,1,1
"V234",4,3,2,2,2,2,2,2,2
"V235",2,2,1,1,1,1,1,1,1
"V236",7,6,5,5,5,5,4,3,2
"V237",9,8,7,6,6,2,2,2,2
"V238",4,3,2,2,2,2,2,2,2
"V239",8,7,6,3,3,3,3,1,1
"V240",4,3,2,2,2,2,2,2,2
"V241",8,7,6,3,3,3,3,1,1
"V242",4,3,2,2,2,2,2,2,2
"V243",4,3,2,2,2,2,2,2,2
"V244",10,9,8,7,4,4,4,3,2
"V245",7,6,5,5,5,5,4,3,2
"V246",2,2,1,1,1,1,1,1,1
"V247",7,6,5,5,5,5,4,3,2
"V248",7,6,5,5,5,5,4,3,2
"V249",4,3,2,2,2,2,2,2,2
"V250",7,6,5,5,5,5,4,3,2
"V251",4,3,2,2,2,2,2,2,2
"V252",4,3,2,2,2,2,2,2,2
"V253",8,7,6,3,3,3,3,1,1
"V254",9,8,7,6,6,2,2,2,2
"V255",7,6,5,5,5,5,4,3,2
"V256",2,2,1,1,1,1,1,1,1
"V257",10,9,8,7,4,4,4,3,2
"V258",7,6,5,5,5,5,4,3,2
"V259",7,6,5,5,5,5,4,3,2
"V260",7,6,5,5,5,5,4,3,2
"V261",9,8,7,6,6,2,2,2,2
"V262",7,6,5,5,5,5,4,3,2
"V263",4,3,2,2,2,2,2,2,2
"V264",4,3,2,2,2,2,2,2,2
"V265",5,4,3,3,3,3,3,1,1
"V266",9,8,7,6,6,2,2,2,2
"V267",4,3,2,2,2,2,2,2,2
"V268",1,1,1,1,1,1,1,1,1
"V269",8,7,6,3,3,3,3,1,1
"V270",4,3,2,2,2,2,2,2,2
"V271",2,2,1,1,1,1,1,1,1
"V272",7,6,5,5,5,5,4,3,2
"V273",5,4,3,3,3,3,3,1,1
"V274",4,3,2,2,2,2,2,2,2
"V275",9,8,7,6,6,2,2,2,2
"V276",4,3,2,2,2,2,2,2,2
"V277",4,3,2,2,2,2,2,2,2
"V278",7,6,5,5,5,5,4,3,2
"V279",4,3,2,2,2,2,2,2,2
"V280",3,1,1,1,1,1,1,1,1
"V281",8,7,6,3,3,3,3,1,1
"V282",7,6,5,5,5,5,4,3,2
"V283",8,7,6,3,3,3,3,1,1
"V284",4,3,2,2,2,2,2,2,2
"V285",4,3,2,2,2,2,2,2,2
"V286",9,8,7,6,6,2,2,2,2
"V287",5,4,3,3,3,3,3,1,1
"V288",9,8,7,6,6,2,2,2,2
"V289",9,8,7,6,6,2,2,2,2
"V290",8,7,6,3,3,3,3,1,1
"V291",10,9,8,7,4,4,4,3,2
"V292",5,4,3,3,3,3,3,1,1
"V293",10,9,8,7,4,4,4,3,2
"V294",6,5,4,4,4,4,4,3,2
"V295",10,9,8,7,4,4,4,3,2
"V296",4,3,2,2,2,2,2,2,2
"V297",5,4,3,3,3,3,3,1,1
"V298",6,5,4,4,4,4,4,3,2
"V299",4,3,2,2,2,2,2,2,2
"V300",4,3,2,2,2,2,2,2,2
"V301",9,8,7,6,6,2,2,2,2
"V302",10,9,8,7,4,4,4,3,2
"V303",5,4,3,3,3,3,3,1,1
"V304",4,3,2,2,2,2,2,2,2
"V305",8,7,6,3,3,3,3,1,1
"V306",7,6,5,5,5,5,4,3,2
"V307",8,7,6,3,3,3,3,1,1
"V308",2,2,1,1,1,1,1,1,1
"V309",4,3,2,2,2,2,2,2,2
"V310",3,1,1,1,1,1,1,1,1
"V311",8,7,6,3,3,3,3,1,1
"V312",7,6,5,5,5,5,4,3,2
"V313",4,3,2,2,2,2,2,2,2
"V314",6,5,4,4,4,4,4,3,2
"V315",2,2,1,1,1,1,1,1,1
"V316",5,4,3,3,3,3,3,1,1
"V317",8,7,6,3,3,3,3,1,1
"V318",6,5,4,4,4,4,4,3,2
"V319",9,8,7,6,6,2,2,2,2
"V320",4,3,2,2,2,2,2,2,2
"V321",2,2,1,1,1,1,1,1,1
"V322",6,5,4,4,4,4,4,3,2
"V323",4,3,2,2,2,2,2,2,2
"V324",8,7,6,3,3,3,3,1,1
"V325",9,8,7,6,6,2,2,2,2
"V326",8,7,6,3,3,3,3,1,1
"V327",5,4,3,3,3,3,3,1,1
"V328",2,2,1,1,1,1,1,1,1
"V329",4,3,2,2,2,2,2,2,2
"V330",8,7,6,3,3,3,3,1,1
"V331",9,8,7,6,6,2,2,2,2
"V332",6,5,4,4,4,4,4,3,2
"V333",7,6,5,5,5,5,4,3,2
"V334",7,6,5,5,5,5,4,3,2
"V335",4,3,2,2,2,2,2,2,2
"V336",3,1,1,1,1,1,1,1,1
"V337",6,5,4,4,4,4,4,3,2
"V338",2,2,1,1,1,1,1,1,1
"V339",8,7,6,3,3,3,3,1,1
"V340",10,9,8,7,4,4,4,3,2
"V341",8,7,6,3,3,3,3,1,1
"V342",6,5,4,4,4,4,4,3,2
"V343",4,3,2,2,2,2,2,2,2
"V344",6,5,4,4,4,4,4,3,2
"V345",5,4,3,3,3,3,3,1,1
"V346",7,6,5,5,5,5,4,3,2
"V347",8,7,6,3,3,3,3,1,1
"V348",7,6,5,5,5,5,4,3,2
"V349",6,5,4,4,4,4,4,3,2
"V350",4,3,2,2,2,2,2,2,2
"V351",9,8,7,6,6,2,2,2,2
"V352",2,2,1,1,1,1,1,1,1
"V353",9,8,7,6,6,2,2,2,2
"V354",3,1,1,1,1,1,1,1,1
"V355",4,3,2,2,2,2,2,2,2
"V356",6,5,4,4,4,4,4,3,2
"V357",7,6,5,5,5,5,4,3,2
"V358",4,3,2,2,2,2,2,2,2
"V359",7,6,5,5,5,5,4,3,2
"V360",10,9,8,7,4,4,4,3,2
"V361",8,7,6,3,3,3,3,1,1
"V362",8,7,6,3,3,3,3,1,1
"V363",8,7,6,3,3,3,3,1,1
"V364",7,6,5,5,5,5,4,3,2
"V365",4,3,2,2,2,2,2,2,2
"V366",9,8,7,6,6,2,2,2,2
"V367",7,6,5,5,5,5,4,3,2
"V368",10,9,8,7,4,4,4,3,2
"V369",7,6,5,5,5,5,4,3,2
"V370",1,1,1,1,1,1,1,1,1
"V371",4,3,2,2,2,2,2,2,2
"V372",2,2,1,1,1,1,1,1,1
"V373",9,8,7,6,6,2,2,2,2
"V374",6,5,4,4,4,4,4,3,2
"V375",6,5,4,4,4,4,4,3,2
"V376",7,6,5,5,5,5,4,3,2
"V377",4,3,2,2,2,2,2,2,2
"V378",4,3,2,2,2,2,2,2,2
"V379",8,7,6,3,3,3,3,1,1
"V380",6,5,4,4,4,4,4,3,2
"V381",5,4,3,3,3,3,3,1,1
"V382",4,3,2,2,2,2,2,2,2
"V383",8,7,6,3,3,3,3,1,1
"V384",4,3,2,2,2,2,2,2,2
"V385",1,1,1,1,1,1,1,1,1
"V386",4,3,2,2,2,2,2,2,2
"V387",9,8,7,6,6,2,2,2,2
"V388",7,6,5,5,5,5,4,3,2
"V389",4,3,2,2,2,2,2,2,2
"V390",6,5,4,4,4,4,4,3,2
"V391",9,8,7,6,6,2,2,2,2
"V392",6,5,4,4,4,4,4,3,2
"V393",4,3,2,2,2,2,2,2,2
"V394",3,1,1,1,1,1,1,1,1
"V395",3,1,1,1,1,1,1,1,1
"V396",4,3,2,2,2,2,2,2,2
"V397",9,8,7,6,6,2,2,2,2
"V398",4,3,2,2,2,2,2,2,2
"V399",5,4,3,3,3,3,3,1,1
"V400",10,9,8,7,4,4,4,3,2
"V401",8,7,6,3,3,3,3,1,1
"V402",1,1,1,1,1,1,1,1,1
"V403",9,8,7,6,6,2,2,2,2
"V404",4,3,2,2,2,2,2,2,2
"V405",7,6,5,5,5,5,4,3,2
"V406",6,5,4,4,4,4,4,3,2
"V407",2,2,1,1,1,1,1,1,1
"V408",8,7,6,3,3,3,3,1,1
"V409",9,8,7,6,6,2,2,2,2
"V410",7,6,5,5,5,5,4,3,2
"V411",9,8,7,6,6,2,2,2,2
"V412",7,6,5,5,5,5,4,3,2
"V413",10,9,8,7,4,4,4,3,2
"V414",6,5,4,4,4,4,4,3,2
"V415",8,7,6,3,3,3,3,1,1
"V416",8,7,6,3,3,3,3,1,1
"V417",8,7,6,3,3,3,3,1,1
"V418",4,3,2,2,2,2,2,2,2
"V419",7,6,5,5,5,5,4,3,2
"V420",6,5,4,4,4,4,4,3,2
"V421",4,3,2,2,2,2,2,2,2
"V422",6,5,4,4,4,4,4,3,2
"V423",6,5,4,4,4,4,4,3,2
"V424",4,3,2,2,2,2,2,2,2
"V425",2,2,1,1,1,1,1,1,1
"V426",2,2,1,1,1,1,1,1,1
"V427",7,6,5,5,5,5,4,3,2
"V428",4,3,2,2,2,2,2,2,2
"V429",6,5,4,4,4,4,4,3,2
"V430",7,6,5,5,5,5,4,3,2
"V431",4,3,2,2,2,2,2,2,2
"V432",3,1,1,1,1,1,1,1,1
"V433",10,9,8,7,4,4,4,3,2
"V434",4,3,2,2,2,2,2,2,2
"V435",7,6,5,5,5,5,4,3,2
"V436",8,7,6,3,3,3,3,1,1
"V437",4,3,2,2,2,2,2,2,2
"V438",8,7,6,3,3,3,3,1,1
"V439",4,3,2,2,2,2,2,2,2
"V440",4,3,2,2,2,2,2,2,2
"V441",7,6,5,5,5,5,4,3,2
"V442",7,6,5,5,5,5,4,3,2
"V443",3,1,1,1,1,1,1,1,1
"V444",4,3,2,2,2,2,2,2,2
"V445",7,6,5,5,5,5,4,3,2
"V446",2,2,1,1,1,1,1,1,1
"V447",1,1,1,1,1,1,1,1,1
"V448",6,5,4,4,4,4,4,3,2
"V449",1,1,1,1,1,1,1,1,1
"V450",2,2,1,1,1,1,1,1,1
"V451",5,4,3,3,3,3,3,1,1
"V452",4,3,2,2,2,2,2,2,2
"V453",4,3,2,2,2,2,2,2,2
"V454",6,5,4,4,4,4,4,3,2
"V455",4,3,2,2,2,2,2,2,2
"V456",10,9,8,7,4,4,4,3,2
"V457",9,8,7,6,6,2,2,2,2
"V458",9,8,7,6,6,2,2,2,2
"V459",1,1,1,1,1,1,1,1,1
"V460",4,3,2,2,2,2,2,2,2
"V461",7,6,5,5,5,5,4,3,2
"V462",6,5,4,4,4,4,4,3,2
"V463",7,6,5,5,5,5,4,3,2
"V464",6,5,4,4,4,4,4,3,2
"V465",2,2,1,1,1,1,1,1,1
"V466",5,4,3,3,3,3,3,1,1
"V467",4,3,2,2,2,2,2,2,2
"V468",6,5,4,4,4,4,4,3,2
"V469",7,6,5,5,5,5,4,3,2
"V470",6,5,4,4,4,4,4,3,2
"V471",2,2,1,1,1,1,1,1,1
"V472",6,5,4,4,4,4,4,3,2
"V473",5,4,3,3,3,3,3,1,1
"V474",4,3,2,2,2,2,2,2,2
"V475",4,3,2,2,2,2,2,2,2
"V476",7,6,5,5,5,5,4,3,2
"V477",4,3,2,2,2,2,2,2,2
"V478",4,3,2,2,2,2,2,2,2
"V479",3,1,1,1,1,1,1,1,1
"V480",8,7,6,3,3,3,3,1,1
"V481",4,3,2,2,2,2,2,2,2
"V482",7,6,5,5,5,5,4,3,2
"V483",7,6,5,5,5,5,4,3,2
"V484",7,6,5,5,5,5,4,3,2
"V485",7,6,5,5,5,5,4,3,2
"V486",10,9,8,7,4,4,4,3,2
"V487",10,9,8,7,4,4,4,3,2
"V488",4,3,2,2,2,2,2,2,2
"V489",6,5,4,4,4,4,4,3,2
"V490",4,3,2,2,2,2,2,2,2
"V491",7,6,5,5,5,5,4,3,2
"V492",7,6,5,5,5,5,4,3,2
"V493",2,2,1,1,1,1,1,1,1
"V494",6,5,4,4,4,4,4,3,2
"V495",7,6,5,5,5,5,4,3,2
"V496",5,4,3,3,3,3,3,1,1
"V497",7,6,5,5,5,5,4,3,2
"V498",6,5,4,4,4,4,4,3,2
"V499",7,6,5,5,5,5,4,3,2
"V500",4,3,2,2,2,2,2,2,2
"V501",9,8,7,6,6,2,2,2,2
"V502",9,8,7,6,6,2,2,2,2
"V503",4,3,2,2,2,2,2,2,2
"V504",7,6,5,5,5,5,4,3,2
"V505",10,9,8,7,4,4,4,3,2
"V506",2,2,1,1,1,1,1,1,1
"V507",2,2,1,1,1,1,1,1,1
"V508",4,3,2,2,2,2,2,2,2
"V509",6,5,4,4,4,4,4,3,2
"V510",10,9,8,7,4,4,4,3,2
"V511",9,8,7,6,6,2,2,2,2
"V512",4,3,2,2,2,2,2,2,2
"V513",10,9,8,7,4,4,4,3,2
"V514",5,4,3,3,3,3,3,1,1
"V515",5,4,3,3,3,3,3,1,1
"V516",10,9,8,7,4,4,4,3,2
"V517",6,5,4,4,4,4,4,3,2
"V518",5,4,3,3,3,3,3,1,1
"V519",10,9,8,7,4,4,4,3,2
"V520",8,7,6,3,3,3,3,1,1
"V521",5,4,3,3,3,3,3,1,1
"V522",9,8,7,6,6,2,2,2,2
"V523",2,2,1,1,1,1,1,1,1
"V524",9,8,7,6,6,2,2,2,2
"V525",7,6,5,5,5,5,4,3,2
"V526",6,5,4,4,4,4,4,3,2
"V527",7,6,5,5,5,5,4,3,2
"V528",9,8,7,6,6,2,2,2,2
"V529",4,3,2,2,2,2,2,2,2
"V530",2,2,1,1,1,1,1,1,1
"V531",6,5,4,4,4,4,4,3,2
"V532",4,3,2,2,2,2,2,2,2
"V533",10,9,8,7,4,4,4,3,2
"V534",3,1,1,1,1,1,1,1,1
"V535",7,6,5,5,5,5,4,3,2
"V536",5,4,3,3,3,3,3,1,1
"V537",7,6,5,5,5,5,4,3,2
"V538",2,2,1,1,1,1,1,1,1
"V539",4,3,2,2,2,2,2,2,2
"V540",4,3,2,2,2,2,2,2,2
"V541",9,8,7,6,6,2,2,2,2
"V542",4,3,2,2,2,2,2,2,2
"V543",4,3,2,2,2,2,2,2,2
"V544",8,7,6,3,3,3,3,1,1
"V545",6,5,4,4,4,4,4,3,2
"V546",8,7,6,3,3,3,3,1,1
"V547",4,3,2,2,2,2,2,2,2
"V548",4,3,2,2,2,2,2,2,2
"V549",10,9,8,7,4,4,4,3,2
"V550",4,3,2,2,2,2,2,2,2
"V551",8,7,6,3,3,3,3,1,1
"V552",9,8,7,6,6,2,2,2,2
"V553",4,3,2,2,2,2,2,2,2
"V554",6,5,4,4,4,4,4,3,2
"V555",6,5,4,4,4,4,4,3,2
"V556",7,6,5,5,5,5,4,3,2
"V557",7,6,5,5,5,5,4,3,2
"V558",5,4,3,3,3,3,3,1,1
"V559",7,6,5,5,5,5,4,3,2
"V560",2,2,1,1,1,1,1,1,1
"V561",4,3,2,2,2,2,2,2,2
"V562",10,9,8,7,4,4,4,3,2
"V563",2,2,1,1,1,1,1,1,1
"V564",4,3,2,2,2,2,2,2,2
"V565",8,7,6,3,3,3,3,1,1
"V566",10,9,8,7,4,4,4,3,2
"V567",5,4,3,3,3,3,3,1,1
"V568",6,5,4,4,4,4,4,3,2
"V569",9,8,7,6,6,2,2,2,2
"V570",6,5,4,4,4,4,4,3,2
"V571",9,8,7,6,6,2,2,2,2
"V572",8,7,6,3,3,3,3,1,1
"V573",8,7,6,3,3,3,3,1,1
"V574",7,6,5,5,5,5,4,3,2
"V575",6,5,4,4,4,4,4,3,2
"V576",2,2,1,1,1,1,1,1,1
"V577",4,3,2,2,2,2,2,2,2
"V578",10,9,8,7,4,4,4,3,2
"V579",1,1,1,1,1,1,1,1,1
"V580",6,5,4,4,4,4,4,3,2
"V581",4,3,2,2,2,2,2,2,2
"V582",2,2,1,1,1,1,1,1,1
"V583",10,9,8,7,4,4,4,3,2
"V584",7,6,5,5,5,5,4,3,2
"V585",9,8,7,6,6,2,2,2,2
"V586",6,5,4,4,4,4,4,3,2
"V587",4,3,2,2,2,2,2,2,2
"V588",10,9,8,7,4,4,4,3,2
"V589",7,6,5,5,5,5,4,3,2
"V590",7,6,5,5,5,5,4,3,2
"V591",2,2,1,1,1,1,1,1,1
"V592",8,7,6,3,3,3,3,1,1
"V593",8,7,6,3,3,3,3,1,1
"V594",9,8,7,6,6,2,2,2,2
"V595",9,8,7,6,6,2,2,2,2
"V596",7,6,5,5,5,5,4,3,2
"V597",7,6,5,5,5,5,4,3,2
"V598",10,9,8,7,4,4,4,3,2
"V599",6,5,4,4,4,4,4,3,2
"V600",7,6,5,5,5,5,4,3,2
"V601",3,1,1,1,1,1,1,1,1
"V602",4,3,2,2,2,2,2,2,2
"V603",9,8,7,6,6,2,2,2,2
"V604",4,3,2,2,2,2,2,2,2
"V605",8,7,6,3,3,3,3,1,1
"V606",5,4,3,3,3,3,3,1,1
"V607",4,3,2,2,2,2,2,2,2
"V608",2,2,1,1,1,1,1,1,1
"V609",4,3,2,2,2,2,2,2,2
"V610",9,8,7,6,6,2,2,2,2
"V611",5,4,3,3,3,3,3,1,1
"V612",7,6,5,5,5,5,4,3,2
"V613",4,3,2,2,2,2,2,2,2
"V614",2,2,1,1,1,1,1,1,1
"V615",4,3,2,2,2,2,2,2,2
"V616",7,6,5,5,5,5,4,3,2
"V617",4,3,2,2,2,2,2,2,2
"V618",9,8,7,6,6,2,2,2,2
"V619",7,6,5,5,5,5,4,3,2
"V620",2,2,1,1,1,1,1,1,1
"V621",4,3,2,2,2,2,2,2,2
"V622",4,3,2,2,2,2,2,2,2
"V623",4,3,2,2,2,2,2,2,2
"V624",6,5,4,4,4,4,4,3,2
"V625",4,3,2,2,2,2,2,2,2
"V626",7,6,5,5,5,5,4,3,2
"V627",4,3,2,2,2,2,2,2,2
"V628",10,9,8,7,4,4,4,3,2
"V629",7,6,5,5,5,5,4,3,2
"V630",9,8,7,6,6,2,2,2,2
"V631",6,5,4,4,4,4,4,3,2
"V632",7,6,5,5,5,5,4,3,2
"V633",4,3,2,2,2,2,2,2,2
"V634",5,4,3,3,3,3,3,1,1
"V635",8,7,6,3,3,3,3,1,1
"V636",7,6,5,5,5,5,4,3,2
"V637",7,6,5,5,5,5,4,3,2
"V638",3,1,1,1,1,1,1,1,1
"V639",4,3,2,2,2,2,2,2,2
"V640",6,5,4,4,4,4,4,3,2
"V641",8,7,6,3,3,3,3,1,1
"V642",6,5,4,4,4,4,4,3,2
"V643",7,6,5,5,5,5,4,3,2
"V644",7,6,5,5,5,5,4,3,2
"V645",9,8,7,6,6,2,2,2,2
"V646",6,5,4,4,4,4,4,3,2
"V647",7,6,5,5,5,5,4,3,2
"V648",9,8,7,6,6,2,2,2,2
"V649",2,2,1,1,1,1,1,1,1
"V650",7,6,5,5,5,5,4,3,2
"V651",6,5,4,4,4,4,4,3,2
"V652",9,8,7,6,6,2,2,2,2
"V653",2,2,1,1,1,1,1,1,1
"V654",4,3,2,2,2,2,2,2,2
"V655",7,6,5,5,5,5,4,3,2
"V656",2,2,1,1,1,1,1,1,1
"V657",8,7,6,3,3,3,3,1,1
"V658",7,6,5,5,5,5,4,3,2
"V659",6,5,4,4,4,4,4,3,2
"V660",6,5,4,4,4,4,4,3,2
"V661",10,9,8,7,4,4,4,3,2
"V662",9,8,7,6,6,2,2,2,2
"V663",9,8,7,6,6,2,2,2,2
"V664",7,6,5,5,5,5,4,3,2
"V665",6,5,4,4,4,4,4,3,2
"V666",9,8,7,6,6,2,2,2,2
"V667",4,3,2,2,2,2,2,2,2
"V668",4,3,2,2,2,2,2,2,2
"V669",9,8,7,6,6,2,2,2,2
"V670",7,6,5,5,5,5,4,3,2
"V671",10,9,8,7,4,4,4,3,2
"V672",3,1,1,1,1,1,1,1,1
"V673",7,6,5,5,5,5,4,3,2
"V674",9,8,7,6,6,2,2,2,2
"V675",6,5,4,4,4,4,4,3,2
"V676",9,8,7,6,6,2,2,2,2
"V677",10,9,8,7,4,4,4,3,2
"V678",9,8,7,6,6,2,2,2,2
"V679",9,8,7,6,6,2,2,2,2
"V680",6,5,4,4,4,4,4,3,2
"V681",2,2,1,1,1,1,1,1,1
"V682",3,1,1,1,1,1,1,1,1
"V683",1,1,1,1,1,1,1,1,1
"V684",9,8,7,6,6,2,2,2,2
"V685",2,2,1,1,1,1,1,1,1
"V686",7,6,5,5,5,5,4,3,2
"V687",5,4,3,3,3,3,3,1,1
"V688",4,3,2,2,2,2,2,2,2
"V689",7,6,5,5,5,5,4,3,2
"V690",7,6,5,5,5,5,4,3,2
"V691",7,6,5,5,5,5,4,3,2
"V692",9,8,7,6,6,2,2,2,2
"V693",4,3,2,2,2,2,2,2,2
"V694",4,3,2,2,2,2,2,2,2
"V695",1,1,1,1,1,1,1,1,1
"V696",2,2,1,1,1,1,1,1,1
"V697",7,6,5,5,5,5,4,3,2
"V698",2,2,1,1,1,1,1,1,1
"V699",2,2,1,1,1,1,1,1,1
"V700",7,6,5,5,5,5,4,3,2
"V701",9,8,7,6,6,2,2,2,2
"V702",9,8,7,6,6,2,2,2,2
"V703",4,3,2,2,2,2,2,2,2
"V704",8,7,6,3,3,3,3,1,1
"V705",7,6,5,5,5,5,4,3,2
"V706",7,6,5,5,5,5,4,3,2
"V707",4,3,2,2,2,2,2,2,2
"V708",10,9,8,7,4,4,4,3,2
"V709",4,3,2,2,2,2,2,2,2
"V710",6,5,4,4,4,4,4,3,2
"V711",4,3,2,2,2,2,2,2,2
"V712",4,3,2,2,2,2,2,2,2
"V713",3,1,1,1,1,1,1,1,1
"V714",7,6,5,5,5,5,4,3,2
"V715",4,3,2,2,2,2,2,2,2
"V716",3,1,1,1,1,1,1,1,1
"V717",7,6,5,5,5,5,4,3,2
"V718",4,3,2,2,2,2,2,2,2
"V719",7,6,5,5,5,5,4,3,2
"V720",4,3,2,2,2,2,2,2,2
"V721",4,3,2,2,2,2,2,2,2
"V722",1,1,1,1,1,1,1,1,1
"V723",9,8,7,6,6,2,2,2,2
"V724",8,7,6,3,3,3,3,1,1
"V725",10,9,8,7,4,4,4,3,2
"V726",4,3,2,2,2,2,2,2,2
"V727",6,5,4,4,4,4,4,3,2
"V728",4,3,2,2,2,2,2,2,2
"V729",7,6,5,5,5,5,4,3,2
"V730",9,8,7,6,6,2,2,2,2
"V731",8,7,6,3,3,3,3,1,1
"V732",2,2,1,1,1,1,1,1,1
"V733",10,9,8,7,4,4,4,3,2
"V734",5,4,3,3,3,3,3,1,1
"V735",4,3,2,2,2,2,2,2,2
"V736",4,3,2,2,2,2,2,2,2
"V737",7,6,5,5,5,5,4,3,2
"V738",5,4,3,3,3,3,3,1,1
"V739",5,4,3,3,3,3,3,1,1
"V740",6,5,4,4,4,4,4,3,2
"V741",8,7,6,3,3,3,3,1,1
"V742",4,3,2,2,2,2,2,2,2
"V743",9,8,7,6,6,2,2,2,2
"V744",5,4,3,3,3,3,3,1,1
"V745",2,2,1,1,1,1,1,1,1
"V746",8,7,6,3,3,3,3,1,1
"V747",4,3,2,2,2,2,2,2,2
"V748",7,6,5,5,5,5,4,3,2
"V749",5,4,3,3,3,3,3,1,1
"V750",4,3,2,2,2,2,2,2,2
"V751",9,8,7,6,6,2,2,2,2
"V752",4,3,2,2,2,2,2,2,2
"V753",6,5,4,4,4,4,4,3,2
"V754",5,4,3,3,3,3,3,1,1
"V755",2,2,1,1,1,1,1,1,1
"V756",6,5,4,4,4,4,4,3,2
"V757",8,7,6,3,3,3,3,1,1
"V758",9,8,7,6,6,2,2,2,2
"V759",10,9,8,7,4,4,4,3,2
"V760",4,3,2,2,2,2,2,2,2
"V761",4,3,2,2,2,2,2,2,2
"V762",7,6,5,5,5,5,4,3,2
"V763",9,8,7,6,6,2,2,2,2
"V764",8,7,6,3,3,3,3,1,1
"V765",4,3,2,2,2,2,2,2,2
"V766",7,6,5,5,5,5,4,3,2
"V767",10,9,8,7,4,4,4,3,2
"V768",5,4,3,3,3,3,3,1,1
"V769",10,9,8,7,4,4,4,3,2
"V770",5,4,3,3,3,3,3,1,1
"V771",7,6,5,5,5,5,4,3,2
"V772",2,2,1,1,1,1,1,1,1
"V773",7,6,5,5,5,5,4,3,2
"V774",3,1,1,1,1,1,1,1,1
"V775",2,2,1,1,1,1,1,1,1
"V776",10,9,8,7,4,4,4,3,2
"V777",7,6,5,5,5,5,4,3,2
"V778",4,3,2,2,2,2,2,2,2
"V779",2,2,1,1,1,1,1,1,1
"V780",7,6,5,5,5,5,4,3,2
"V781",4,3,2,2,2,2,2,2,2
"V782",8,7,6,3,3,3,3,1,1
"V783",10,9,8,7,4,4,4,3,2
"V784",4,3,2,2,2,2,2,2,2
"V785",5,4,3,3,3,3,3,1,1
"V786",7,6,5,5,5,5,4,3,2
"V787",5,4,3,3,3,3,3,1,1
"V788",7,6,5,5,5,5,4,3,2
"V789",9,8,7,6,6,2,2,2,2
"V790",2,2,1,1,1,1,1,1,1
"V791",9,8,7,6,6,2,2,2,2
"V792",10,9,8,7,4,4,4,3,2
"V793",4,3,2,2,2,2,2,2,2
"V794",8,7,6,3,3,3,3,1,1
"V795",7,6,5,5,5,5,4,3,2
"V796",7,6,5,5,5,5,4,3,2
"V797",7,6,5,5,5,5,4,3,2
"V798",7,6,5,5,5,5,4,3,2
"V799",6,5,4,4,4,4,4,3,2
"V800",4,3,2,2,2,2,2,2,2
"V801",6,5,4,4,4,4,4,3,2
"V802",9,8,7,6,6,2,2,2,2
"V803",9,8,7,6,6,2,2,2,2
"V804",6,5,4,4,4,4,4,3,2
"V805",6,5,4,4,4,4,4,3,2
"V806",7,6,5,5,5,5,4,3,2
"V807",7,6,5,5,5,5,4,3,2
"V808",10,9,8,7,4,4,4,3,2
"V809",7,6,5,5,5,5,4,3,2
"V810",8,7,6,3,3,3,3,1,1
"V811",6,5,4,4,4,4,4,3,2
"V812",5,4,3,3,3,3,3,1,1
"V813",8,7,6,3,3,3,3,1,1
"V814",10,9,8,7,4,4,4,3,2
"V815",6,5,4,4,4,4,4,3,2
"V816",4,3,2,2,2,2,2,2,2
"V817",6,5,4,4,4,4,4,3,2
"V818",10,9,8,7,4,4,4,3,2
"V819",4,3,2,2,2,2,2,2,2
"V820",7,6,5,5,5,5,4,3,2
"V821",4,3,2,2,2,2,2,2,2
"V822",6,5,4,4,4,4,4,3,2
"V823",4,3,2,2,2,2,2,2,2
"V824",9,8,7,6,6,2,2,2,2
"V825",9,8,7,6,6,2,2,2,2
"V826",4,3,2,2,2,2,2,2,2
"V827",5,4,3,3,3,3,3,1,1
"V828",7,6,5,5,5,5,4,3,2
"V829",8,7,6,3,3,3,3,1,1
"V830",4,3,2,2,2,2,2,2,2
"V831",4,3,2,2,2,2,2,2,2
"V832",9,8,7,6,6,2,2,2,2
"V833",6,5,4,4,4,4,4,3,2
"V834",9,8,7,6,6,2,2,2,2
"V835",9,8,7,6,6,2,2,2,2
"V836",9,8,7,6,6,2,2,2,2
"V837",4,3,2,2,2,2,2,2,2
"V838",4,3,2,2,2,2,2,2,2
"V839",8,7,6,3,3,3,3,1,1
"V840",9,8,7,6,6,2,2,2,2
"V841",2,2,1,1,1,1,1,1,1
"V842",7,6,5,5,5,5,4,3,2
"V843",7,6,5,5,5,5,4,3,2
"V844",7,6,5,5,5,5,4,3,2
"V845",6,5,4,4,4,4,4,3,2
"V846",9,8,7,6,6,2,2,2,2
"V847",4,3,2,2,2,2,2,2,2
"V848",4,3,2,2,2,2,2,2,2
"V849",10,9,8,7,4,4,4,3,2
"V850",10,9,8,7,4,4,4,3,2
"V851",7,6,5,5,5,5,4,3,2
"V852",6,5,4,4,4,4,4,3,2
"V853",7,6,5,5,5,5,4,3,2
"V854",4,3,2,2,2,2,2,2,2
"V855",7,6,5,5,5,5,4,3,2
"V856",4,3,2,2,2,2,2,2,2
"V857",8,7,6,3,3,3,3,1,1
"V858",4,3,2,2,2,2,2,2,2
"V859",8,7,6,3,3,3,3,1,1
"V860",7,6,5,5,5,5,4,3,2
"V861",5,4,3,3,3,3,3,1,1
"V862",3,1,1,1,1,1,1,1,1
"V863",4,3,2,2,2,2,2,2,2
"V864",7,6,5,5,5,5,4,3,2
"V865",6,5,4,4,4,4,4,3,2
"V866",8,7,6,3,3,3,3,1,1
"V867",4,3,2,2,2,2,2,2,2
"V868",6,5,4,4,4,4,4,3,2
"V869",9,8,7,6,6,2,2,2,2
"V870",2,2,1,1,1,1,1,1,1
"V871",4,3,2,2,2,2,2,2,2
"V872",6,5,4,4,4,4,4,3,2
"V873",10,9,8,7,4,4,4,3,2
"V874",7,6,5,5,5,5,4,3,2
"V875",8,7,6,3,3,3,3,1,1
"V876",5,4,3,3,3,3,3,1,1
"V877",4,3,2,2,2,2,2,2,2
"V878",7,6,5,5,5,5,4,3,2
"V879",4,3,2,2,2,2,2,2,2
"V880",10,9,8,7,4,4,4,3,2
"V881",2,2,1,1,1,1,1,1,1
"V882",5,4,3,3,3,3,3,1,1
"V883",10,9,8,7,4,4,4,3,2
"V884",4,3,2,2,2,2,2,2,2
"V885",8,7,6,3,3,3,3,1,1
"V886",4,3,2,2,2,2,2,2,2
"V887",10,9,8,7,4,4,4,3,2
"V888",9,8,7,6,6,2,2,2,2
"V889",4,3,2,2,2,2,2,2,2
"V890",9,8,7,6,6,2,2,2,2
"V891",7,6,5,5,5,5,4,3,2
"V892",6,5,4,4,4,4,4,3,2
"V893",8,7,6,3,3,3,3,1,1
"V894",4,3,2,2,2,2,2,2,2
"V895",8,7,6,3,3,3,3,1,1
"V896",3,1,1,1,1,1,1,1,1
"V897",7,6,5,5,5,5,4,3,2
"V898",9,8,7,6,6,2,2,2,2
"V899",6,5,4,4,4,4,4,3,2
"V900",2,2,1,1,1,1,1,1,1
"V901",4,3,2,2,2,2,2,2,2
"V902",6,5,4,4,4,4,4,3,2
"V903",2,2,1,1,1,1,1,1,1
"V904",4,3,2,2,2,2,2,2,2
"V905",7,6,5,5,5,5,4,3,2
"V906",5,4,3,3,3,3,3,1,1
"V907",7,6,5,5,5,5,4,3,2
"V908",7,6,5,5,5,5,4,3,2
"V909",6,5,4,4,4,4,4,3,2
"V910",4,3,2,2,2,2,2,2,2
"V911",4,3,2,2,2,2,2,2,2
"V912",4,3,2,2,2,2,2,2,2
"V913",10,9,8,7,4,4,4,3,2
"V914",2,2,1,1,1,1,1,1,1
"V915",4,3,2,2,2,2,2,2,2
"V916",6,5,4,4,4,4,4,3,2
"V917",3,1,1,1,1,1,1,1,1
"V918",7,6,5,5,5,5,4,3,2
"V919",4,3,2,2,2,2,2,2,2
"V920",7,6,5,5,5,5,4,3,2
"V921",4,3,2,2,2,2,2,2,2
"V922",7,6,5,5,5,5,4,3,2
"V923",4,3,2,2,2,2,2,2,2
"V924",7,6,5,5,5,5,4,3,2
"V925",4,3,2,2,2,2,2,2,2
"V926",7,6,5,5,5,5,4,3,2
"V927",6,5,4,4,4,4,4,3,2
"V928",7,6,5,5,5,5,4,3,2
"V929",5,4,3,3,3,3,3,1,1
"V930",5,4,3,3,3,3,3,1,1
"V931",7,6,5,5,5,5,4,3,2
"V932",7,6,5,5,5,5,4,3,2
"V933",2,2,1,1,1,1,1,1,1
"V934",9,8,7,6,6,2,2,2,2
"V935",10,9,8,7,4,4,4,3,2
"V936",6,5,4,4,4,4,4,3,2
"V937",5,4,3,3,3,3,3,1,1
"V938",4,3,2,2,2,2,2,2,2
"V939",4,3,2,2,2,2,2,2,2
"V940",6,5,4,4,4,4,4,3,2
"V941",6,5,4,4,4,4,4,3,2
"V942",4,3,2,2,2,2,2,2,2
"V943",8,7,6,3,3,3,3,1,1
"V944",4,3,2,2,2,2,2,2,2
"V945",7,6,5,5,5,5,4,3,2
"V946",4,3,2,2,2,2,2,2,2
"V947",9,8,7,6,6,2,2,2,2
"V948",1,1,1,1,1,1,1,1,1
"V949",8,7,6,3,3,3,3,1,1
"V950",8,7,6,3,3,3,3,1,1
"V951",4,3,2,2,2,2,2,2,2
"V952",4,3,2,2,2,2,2,2,2
"V953",9,8,7,6,6,2,2,2,2
"V954",4,3,2,2,2,2,2,2,2
"V955",7,6,5,5,5,5,4,3,2
"V956",4,3,2,2,2,2,2,2,2
"V957",7,6,5,5,5,5,4,3,2
"V958",7,6,5,5,5,5,4,3,2
"V959",8,7,6,3,3,3,3,1,1
"V960",6,5,4,4,4,4,4,3,2
"V961",1,1,1,1,1,1,1,1,1
"V962",4,3,2,2,2,2,2,2,2
"V963",4,3,2,2,2,2,2,2,2
"V964",7,6,5,5,5,5,4,3,2
"V965",7,6,5,5,5,5,4,3,2
"V966",8,7,6,3,3,3,3,1,1
"V967",8,7,6,3,3,3,3,1,1
"V968",2,2,1,1,1,1,1,1,1
"V969",2,2,1,1,1,1,1,1,1
"V970",4,3,2,2,2,2,2,2,2
"V971",2,2,1,1,1,1,1,1,1
"V972",6,5,4,4,4,4,4,3,2
"V973",7,6,5,5,5,5,4,3,2
"V974",1,1,1,1,1,1,1,1,1
"V975",10,9,8,7,4,4,4,3,2
"V976",5,4,3,3,3,3,3,1,1
"V977",4,3,2,2,2,2,2,2,2
"V978",4,3,2,2,2,2,2,2,2
"V979",3,1,1,1,1,1,1,1,1
"V980",8,7,6,3,3,3,3,1,1
"V981",8,7,6,3,3,3,3,1,1
"V982",4,3,2,2,2,2,2,2,2
"V983",4,3,2,2,2,2,2,2,2
"V984",7,6,5,5,5,5,4,3,2
"V985",8,7,6,3,3,3,3,1,1
"V986",4,3,2,2,2,2,2,2,2
"V987",8,7,6,3,3,3,3,1,1
"V988",2,2,1,1,1,1,1,1,1
"V989",6,5,4,4,4,4,4,3,2
"V990",9,8,7,6,6,2,2,2,2
"V991",10,9,8,7,4,4,4,3,2
"V992",6,5,4,4,4,4,4,3,2
"V993",10,9,8,7,4,4,4,3,2
"V994",7,6,5,5,5,5,4,3,2
"V995",4,3,2,2,2,2,2,2,2
"V996",9,8,7,6,6,2,2,2,2
"V997",4,3,2,2,2,2,2,2,2
"V998",10,9,8,7,4,4,4,3,2
"V999",9,8,7,6,6,2,2,2,2
"V1000",7,6,5,5,5,5,4,3,2
