"","Cl_mat","cl_id","cl_id.1","cl_id.2","cl_id.3","cl_id.4","cl_id.5","cl_id.6","cl_id.7"
"V1",2,2,2,2,2,2,2,2,2
"V2",6,6,6,5,5,4,3,3,1
"V3",10,9,3,3,3,3,1,1,1
"V4",7,6,6,5,5,4,3,3,1
"V5",5,5,5,4,4,4,3,3,1
"V6",8,7,7,6,2,2,2,2,2
"V7",5,5,5,4,4,4,3,3,1
"V8",1,1,1,1,1,1,1,1,1
"V9",4,4,4,1,1,1,1,1,1
"V10",8,7,7,6,2,2,2,2,2
"V11",9,8,8,7,6,5,4,2,2
"V12",7,6,6,5,5,4,3,3,1
"V13",8,7,7,6,2,2,2,2,2
"V14",4,4,4,1,1,1,1,1,1
"V15",3,3,3,3,3,3,1,1,1
"V16",1,1,1,1,1,1,1,1,1
"V17",10,9,3,3,3,3,1,1,1
"V18",4,4,4,1,1,1,1,1,1
"V19",9,8,8,7,6,5,4,2,2
"V20",9,8,8,7,6,5,4,2,2
"V21",10,9,3,3,3,3,1,1,1
"V22",2,2,2,2,2,2,2,2,2
"V23",7,6,6,5,5,4,3,3,1
"V24",1,1,1,1,1,1,1,1,1
"V25",1,1,1,1,1,1,1,1,1
"V26",4,4,4,1,1,1,1,1,1
"V27",7,6,6,5,5,4,3,3,1
"V28",3,3,3,3,3,3,1,1,1
"V29",9,8,8,7,6,5,4,2,2
"V30",9,8,8,7,6,5,4,2,2
"V31",6,6,6,5,5,4,3,3,1
"V32",3,3,3,3,3,3,1,1,1
"V33",4,4,4,1,1,1,1,1,1
"V34",8,7,7,6,2,2,2,2,2
"V35",8,7,7,6,2,2,2,2,2
"V36",2,2,2,2,2,2,2,2,2
"V37",8,7,7,6,2,2,2,2,2
"V38",10,9,3,3,3,3,1,1,1
"V39",5,5,5,4,4,4,3,3,1
"V40",9,8,8,7,6,5,4,2,2
"V41",8,7,7,6,2,2,2,2,2
"V42",9,8,8,7,6,5,4,2,2
"V43",8,7,7,6,2,2,2,2,2
"V44",1,1,1,1,1,1,1,1,1
"V45",1,1,1,1,1,1,1,1,1
"V46",1,1,1,1,1,1,1,1,1
"V47",4,4,4,1,1,1,1,1,1
"V48",1,1,1,1,1,1,1,1,1
"V49",9,8,8,7,6,5,4,2,2
"V50",10,9,3,3,3,3,1,1,1
"V51",2,2,2,2,2,2,2,2,2
"V52",1,1,1,1,1,1,1,1,1
"V53",2,2,2,2,2,2,2,2,2
"V54",9,8,8,7,6,5,4,2,2
"V55",9,8,8,7,6,5,4,2,2
"V56",7,6,6,5,5,4,3,3,1
"V57",9,8,8,7,6,5,4,2,2
"V58",4,4,4,1,1,1,1,1,1
"V59",2,2,2,2,2,2,2,2,2
"V60",4,4,4,1,1,1,1,1,1
"V61",9,8,8,7,6,5,4,2,2
"V62",2,2,2,2,2,2,2,2,2
"V63",4,4,4,1,1,1,1,1,1
"V64",9,8,8,7,6,5,4,2,2
"V65",6,6,6,5,5,4,3,3,1
"V66",4,4,4,1,1,1,1,1,1
"V67",9,8,8,7,6,5,4,2,2
"V68",8,7,7,6,2,2,2,2,2
"V69",9,8,8,7,6,5,4,2,2
"V70",1,1,1,1,1,1,1,1,1
"V71",5,5,5,4,4,4,3,3,1
"V72",9,8,8,7,6,5,4,2,2
"V73",9,8,8,7,6,5,4,2,2
"V74",4,4,4,1,1,1,1,1,1
"V75",9,8,8,7,6,5,4,2,2
"V76",8,7,7,6,2,2,2,2,2
"V77",2,2,2,2,2,2,2,2,2
"V78",9,8,8,7,6,5,4,2,2
"V79",2,2,2,2,2,2,2,2,2
"V80",2,2,2,2,2,2,2,2,2
"V81",8,7,7,6,2,2,2,2,2
"V82",8,7,7,6,2,2,2,2,2
"V83",2,2,2,2,2,2,2,2,2
"V84",2,2,2,2,2,2,2,2,2
"V85",2,2,2,2,2,2,2,2,2
"V86",8,7,7,6,2,2,2,2,2
"V87",1,1,1,1,1,1,1,1,1
"V88",1,1,1,1,1,1,1,1,1
"V89",5,5,5,4,4,4,3,3,1
"V90",5,5,5,4,4,4,3,3,1
"V91",4,4,4,1,1,1,1,1,1
"V92",8,7,7,6,2,2,2,2,2
"V93",1,1,1,1,1,1,1,1,1
"V94",8,7,7,6,2,2,2,2,2
"V95",4,4,4,1,1,1,1,1,1
"V96",2,2,2,2,2,2,2,2,2
"V97",10,9,3,3,3,3,1,1,1
"V98",2,2,2,2,2,2,2,2,2
"V99",3,3,3,3,3,3,1,1,1
"V100",8,7,7,6,2,2,2,2,2
"V101",10,9,3,3,3,3,1,1,1
"V102",8,7,7,6,2,2,2,2,2
"V103",8,7,7,6,2,2,2,2,2
"V104",4,4,4,1,1,1,1,1,1
"V105",1,1,1,1,1,1,1,1,1
"V106",2,2,2,2,2,2,2,2,2
"V107",9,8,8,7,6,5,4,2,2
"V108",10,9,3,3,3,3,1,1,1
"V109",9,8,8,7,6,5,4,2,2
"V110",2,2,2,2,2,2,2,2,2
"V111",2,2,2,2,2,2,2,2,2
"V112",2,2,2,2,2,2,2,2,2
"V113",6,6,6,5,5,4,3,3,1
"V114",10,9,3,3,3,3,1,1,1
"V115",4,4,4,1,1,1,1,1,1
"V116",10,9,3,3,3,3,1,1,1
"V117",2,2,2,2,2,2,2,2,2
"V118",4,4,4,1,1,1,1,1,1
"V119",2,2,2,2,2,2,2,2,2
"V120",2,2,2,2,2,2,2,2,2
"V121",5,5,5,4,4,4,3,3,1
"V122",8,7,7,6,2,2,2,2,2
"V123",10,9,3,3,3,3,1,1,1
"V124",8,7,7,6,2,2,2,2,2
"V125",10,9,3,3,3,3,1,1,1
"V126",7,6,6,5,5,4,3,3,1
"V127",6,6,6,5,5,4,3,3,1
"V128",8,7,7,6,2,2,2,2,2
"V129",9,8,8,7,6,5,4,2,2
"V130",4,4,4,1,1,1,1,1,1
"V131",4,4,4,1,1,1,1,1,1
"V132",4,4,4,1,1,1,1,1,1
"V133",10,9,3,3,3,3,1,1,1
"V134",9,8,8,7,6,5,4,2,2
"V135",1,1,1,1,1,1,1,1,1
"V136",1,1,1,1,1,1,1,1,1
"V137",1,1,1,1,1,1,1,1,1
"V138",2,2,2,2,2,2,2,2,2
"V139",1,1,1,1,1,1,1,1,1
"V140",8,7,7,6,2,2,2,2,2
"V141",8,7,7,6,2,2,2,2,2
"V142",9,8,8,7,6,5,4,2,2
"V143",6,6,6,5,5,4,3,3,1
"V144",1,1,1,1,1,1,1,1,1
"V145",10,9,3,3,3,3,1,1,1
"V146",9,8,8,7,6,5,4,2,2
"V147",9,8,8,7,6,5,4,2,2
"V148",1,1,1,1,1,1,1,1,1
"V149",2,2,2,2,2,2,2,2,2
"V150",2,2,2,2,2,2,2,2,2
"V151",2,2,2,2,2,2,2,2,2
"V152",8,7,7,6,2,2,2,2,2
"V153",9,8,8,7,6,5,4,2,2
"V154",4,4,4,1,1,1,1,1,1
"V155",9,8,8,7,6,5,4,2,2
"V156",5,5,5,4,4,4,3,3,1
"V157",9,8,8,7,6,5,4,2,2
"V158",2,2,2,2,2,2,2,2,2
"V159",4,4,4,1,1,1,1,1,1
"V160",2,2,2,2,2,2,2,2,2
"V161",6,6,6,5,5,4,3,3,1
"V162",8,7,7,6,2,2,2,2,2
"V163",4,4,4,1,1,1,1,1,1
"V164",2,2,2,2,2,2,2,2,2
"V165",8,7,7,6,2,2,2,2,2
"V166",3,3,3,3,3,3,1,1,1
"V167",5,5,5,4,4,4,3,3,1
"V168",8,7,7,6,2,2,2,2,2
"V169",5,5,5,4,4,4,3,3,1
"V170",2,2,2,2,2,2,2,2,2
"V171",9,8,8,7,6,5,4,2,2
"V172",10,9,3,3,3,3,1,1,1
"V173",3,3,3,3,3,3,1,1,1
"V174",10,9,3,3,3,3,1,1,1
"V175",5,5,5,4,4,4,3,3,1
"V176",3,3,3,3,3,3,1,1,1
"V177",2,2,2,2,2,2,2,2,2
"V178",9,8,8,7,6,5,4,2,2
"V179",8,7,7,6,2,2,2,2,2
"V180",4,4,4,1,1,1,1,1,1
"V181",1,1,1,1,1,1,1,1,1
"V182",8,7,7,6,2,2,2,2,2
"V183",6,6,6,5,5,4,3,3,1
"V184",9,8,8,7,6,5,4,2,2
"V185",8,7,7,6,2,2,2,2,2
"V186",10,9,3,3,3,3,1,1,1
"V187",5,5,5,4,4,4,3,3,1
"V188",8,7,7,6,2,2,2,2,2
"V189",4,4,4,1,1,1,1,1,1
"V190",8,7,7,6,2,2,2,2,2
"V191",10,9,3,3,3,3,1,1,1
"V192",8,7,7,6,2,2,2,2,2
"V193",10,9,3,3,3,3,1,1,1
"V194",10,9,3,3,3,3,1,1,1
"V195",6,6,6,5,5,4,3,3,1
"V196",9,8,8,7,6,5,4,2,2
"V197",8,7,7,6,2,2,2,2,2
"V198",7,6,6,5,5,4,3,3,1
"V199",8,7,7,6,2,2,2,2,2
"V200",9,8,8,7,6,5,4,2,2
"V201",5,5,5,4,4,4,3,3,1
"V202",9,8,8,7,6,5,4,2,2
"V203",1,1,1,1,1,1,1,1,1
"V204",2,2,2,2,2,2,2,2,2
"V205",9,8,8,7,6,5,4,2,2
"V206",4,4,4,1,1,1,1,1,1
"V207",5,5,5,4,4,4,3,3,1
"V208",9,8,8,7,6,5,4,2,2
"V209",2,2,2,2,2,2,2,2,2
"V210",8,7,7,6,2,2,2,2,2
"V211",9,8,8,7,6,5,4,2,2
"V212",2,2,2,2,2,2,2,2,2
"V213",8,7,7,6,2,2,2,2,2
"V214",1,1,1,1,1,1,1,1,1
"V215",8,7,7,6,2,2,2,2,2
"V216",2,2,2,2,2,2,2,2,2
"V217",9,8,8,7,6,5,4,2,2
"V218",9,8,8,7,6,5,4,2,2
"V219",2,2,2,2,2,2,2,2,2
"V220",1,1,1,1,1,1,1,1,1
"V221",7,6,6,5,5,4,3,3,1
"V222",9,8,8,7,6,5,4,2,2
"V223",9,8,8,7,6,5,4,2,2
"V224",3,3,3,3,3,3,1,1,1
"V225",8,7,7,6,2,2,2,2,2
"V226",5,5,5,4,4,4,3,3,1
"V227",8,7,7,6,2,2,2,2,2
"V228",2,2,2,2,2,2,2,2,2
"V229",6,6,6,5,5,4,3,3,1
"V230",7,6,6,5,5,4,3,3,1
"V231",9,8,8,7,6,5,4,2,2
"V232",9,8,8,7,6,5,4,2,2
"V233",10,9,3,3,3,3,1,1,1
"V234",8,7,7,6,2,2,2,2,2
"V235",10,9,3,3,3,3,1,1,1
"V236",9,8,8,7,6,5,4,2,2
"V237",2,2,2,2,2,2,2,2,2
"V238",8,7,7,6,2,2,2,2,2
"V239",5,5,5,4,4,4,3,3,1
"V240",8,7,7,6,2,2,2,2,2
"V241",5,5,5,4,4,4,3,3,1
"V242",8,7,7,6,2,2,2,2,2
"V243",4,4,4,1,1,1,1,1,1
"V244",1,1,1,1,1,1,1,1,1
"V245",9,8,8,7,6,5,4,2,2
"V246",10,9,3,3,3,3,1,1,1
"V247",9,8,8,7,6,5,4,2,2
"V248",9,8,8,7,6,5,4,2,2
"V249",8,7,7,6,2,2,2,2,2
"V250",9,8,8,7,6,5,4,2,2
"V251",9,8,8,7,6,5,4,2,2
"V252",2,2,2,2,2,2,2,2,2
"V253",5,5,5,4,4,4,3,3,1
"V254",2,2,2,2,2,2,2,2,2
"V255",9,8,8,7,6,5,4,2,2
"V256",4,4,4,1,1,1,1,1,1
"V257",1,1,1,1,1,1,1,1,1
"V258",9,8,8,7,6,5,4,2,2
"V259",9,8,8,7,6,5,4,2,2
"V260",9,8,8,7,6,5,4,2,2
"V261",2,2,2,2,2,2,2,2,2
"V262",9,8,8,7,6,5,4,2,2
"V263",8,7,7,6,2,2,2,2,2
"V264",8,7,7,6,2,2,2,2,2
"V265",7,6,6,5,5,4,3,3,1
"V266",3,3,3,3,3,3,1,1,1
"V267",9,8,8,7,6,5,4,2,2
"V268",10,9,3,3,3,3,1,1,1
"V269",5,5,5,4,4,4,3,3,1
"V270",9,8,8,7,6,5,4,2,2
"V271",10,9,3,3,3,3,1,1,1
"V272",9,8,8,7,6,5,4,2,2
"V273",7,6,6,5,5,4,3,3,1
"V274",2,2,2,2,2,2,2,2,2
"V275",2,2,2,2,2,2,2,2,2
"V276",8,7,7,6,2,2,2,2,2
"V277",8,7,7,6,2,2,2,2,2
"V278",9,8,8,7,6,5,4,2,2
"V279",2,2,2,2,2,2,2,2,2
"V280",6,6,6,5,5,4,3,3,1
"V281",5,5,5,4,4,4,3,3,1
"V282",9,8,8,7,6,5,4,2,2
"V283",5,5,5,4,4,4,3,3,1
"V284",8,7,7,6,2,2,2,2,2
"V285",8,7,7,6,2,2,2,2,2
"V286",2,2,2,2,2,2,2,2,2
"V287",7,6,6,5,5,4,3,3,1
"V288",2,2,2,2,2,2,2,2,2
"V289",2,2,2,2,2,2,2,2,2
"V290",5,5,5,4,4,4,3,3,1
"V291",1,1,1,1,1,1,1,1,1
"V292",7,6,6,5,5,4,3,3,1
"V293",1,1,1,1,1,1,1,1,1
"V294",4,4,4,1,1,1,1,1,1
"V295",1,1,1,1,1,1,1,1,1
"V296",2,2,2,2,2,2,2,2,2
"V297",7,6,6,5,5,4,3,3,1
"V298",4,4,4,1,1,1,1,1,1
"V299",8,7,7,6,2,2,2,2,2
"V300",9,8,8,7,6,5,4,2,2
"V301",2,2,2,2,2,2,2,2,2
"V302",4,4,4,1,1,1,1,1,1
"V303",7,6,6,5,5,4,3,3,1
"V304",8,7,7,6,2,2,2,2,2
"V305",5,5,5,4,4,4,3,3,1
"V306",1,1,1,1,1,1,1,1,1
"V307",5,5,5,4,4,4,3,3,1
"V308",10,9,3,3,3,3,1,1,1
"V309",8,7,7,6,2,2,2,2,2
"V310",6,6,6,5,5,4,3,3,1
"V311",5,5,5,4,4,4,3,3,1
"V312",9,8,8,7,6,5,4,2,2
"V313",2,2,2,2,2,2,2,2,2
"V314",4,4,4,1,1,1,1,1,1
"V315",10,9,3,3,3,3,1,1,1
"V316",7,6,6,5,5,4,3,3,1
"V317",5,5,5,4,4,4,3,3,1
"V318",4,4,4,1,1,1,1,1,1
"V319",2,2,2,2,2,2,2,2,2
"V320",8,7,7,6,2,2,2,2,2
"V321",3,3,3,3,3,3,1,1,1
"V322",4,4,4,1,1,1,1,1,1
"V323",8,7,7,6,2,2,2,2,2
"V324",5,5,5,4,4,4,3,3,1
"V325",2,2,2,2,2,2,2,2,2
"V326",5,5,5,4,4,4,3,3,1
"V327",7,6,6,5,5,4,3,3,1
"V328",10,9,3,3,3,3,1,1,1
"V329",8,7,7,6,2,2,2,2,2
"V330",5,5,5,4,4,4,3,3,1
"V331",2,2,2,2,2,2,2,2,2
"V332",4,4,4,1,1,1,1,1,1
"V333",9,8,8,7,6,5,4,2,2
"V334",9,8,8,7,6,5,4,2,2
"V335",2,2,2,2,2,2,2,2,2
"V336",6,6,6,5,5,4,3,3,1
"V337",4,4,4,1,1,1,1,1,1
"V338",10,9,3,3,3,3,1,1,1
"V339",5,5,5,4,4,4,3,3,1
"V340",1,1,1,1,1,1,1,1,1
"V341",5,5,5,4,4,4,3,3,1
"V342",4,4,4,1,1,1,1,1,1
"V343",9,8,8,7,6,5,4,2,2
"V344",4,4,4,1,1,1,1,1,1
"V345",7,6,6,5,5,4,3,3,1
"V346",9,8,8,7,6,5,4,2,2
"V347",5,5,5,4,4,4,3,3,1
"V348",9,8,8,7,6,5,4,2,2
"V349",4,4,4,1,1,1,1,1,1
"V350",8,7,7,6,2,2,2,2,2
"V351",3,3,3,3,3,3,1,1,1
"V352",10,9,3,3,3,3,1,1,1
"V353",2,2,2,2,2,2,2,2,2
"V354",6,6,6,5,5,4,3,3,1
"V355",8,7,7,6,2,2,2,2,2
"V356",4,4,4,1,1,1,1,1,1
"V357",9,8,8,7,6,5,4,2,2
"V358",8,7,7,6,2,2,2,2,2
"V359",9,8,8,7,6,5,4,2,2
"V360",1,1,1,1,1,1,1,1,1
"V361",5,5,5,4,4,4,3,3,1
"V362",5,5,5,4,4,4,3,3,1
"V363",5,5,5,4,4,4,3,3,1
"V364",9,8,8,7,6,5,4,2,2
"V365",2,2,2,2,2,2,2,2,2
"V366",2,2,2,2,2,2,2,2,2
"V367",9,8,8,7,6,5,4,2,2
"V368",1,1,1,1,1,1,1,1,1
"V369",9,8,8,7,6,5,4,2,2
"V370",10,9,3,3,3,3,1,1,1
"V371",9,8,8,7,6,5,4,2,2
"V372",10,9,3,3,3,3,1,1,1
"V373",2,2,2,2,2,2,2,2,2
"V374",4,4,4,1,1,1,1,1,1
"V375",4,4,4,1,1,1,1,1,1
"V376",9,8,8,7,6,5,4,2,2
"V377",2,2,2,2,2,2,2,2,2
"V378",8,7,7,6,2,2,2,2,2
"V379",5,5,5,4,4,4,3,3,1
"V380",4,4,4,1,1,1,1,1,1
"V381",7,6,6,5,5,4,3,3,1
"V382",8,7,7,6,2,2,2,2,2
"V383",5,5,5,4,4,4,3,3,1
"V384",8,7,7,6,2,2,2,2,2
"V385",10,9,3,3,3,3,1,1,1
"V386",2,2,2,2,2,2,2,2,2
"V387",2,2,2,2,2,2,2,2,2
"V388",9,8,8,7,6,5,4,2,2
"V389",2,2,2,2,2,2,2,2,2
"V390",8,7,7,6,2,2,2,2,2
"V391",2,2,2,2,2,2,2,2,2
"V392",4,4,4,1,1,1,1,1,1
"V393",8,7,7,6,2,2,2,2,2
"V394",6,6,6,5,5,4,3,3,1
"V395",6,6,6,5,5,4,3,3,1
"V396",8,7,7,6,2,2,2,2,2
"V397",2,2,2,2,2,2,2,2,2
"V398",8,7,7,6,2,2,2,2,2
"V399",7,6,6,5,5,4,3,3,1
"V400",1,1,1,1,1,1,1,1,1
"V401",5,5,5,4,4,4,3,3,1
"V402",10,9,3,3,3,3,1,1,1
"V403",2,2,2,2,2,2,2,2,2
"V404",2,2,2,2,2,2,2,2,2
"V405",9,8,8,7,6,5,4,2,2
"V406",4,4,4,1,1,1,1,1,1
"V407",10,9,3,3,3,3,1,1,1
"V408",5,5,5,4,4,4,3,3,1
"V409",2,2,2,2,2,2,2,2,2
"V410",9,8,8,7,6,5,4,2,2
"V411",2,2,2,2,2,2,2,2,2
"V412",9,8,8,7,6,5,4,2,2
"V413",1,1,1,1,1,1,1,1,1
"V414",2,2,2,2,2,2,2,2,2
"V415",5,5,5,4,4,4,3,3,1
"V416",5,5,5,4,4,4,3,3,1
"V417",5,5,5,4,4,4,3,3,1
"V418",8,7,7,6,2,2,2,2,2
"V419",9,8,8,7,6,5,4,2,2
"V420",4,4,4,1,1,1,1,1,1
"V421",8,7,7,6,2,2,2,2,2
"V422",4,4,4,1,1,1,1,1,1
"V423",4,4,4,1,1,1,1,1,1
"V424",8,7,7,6,2,2,2,2,2
"V425",3,3,3,3,3,3,1,1,1
"V426",10,9,3,3,3,3,1,1,1
"V427",9,8,8,7,6,5,4,2,2
"V428",8,7,7,6,2,2,2,2,2
"V429",4,4,4,1,1,1,1,1,1
"V430",9,8,8,7,6,5,4,2,2
"V431",2,2,2,2,2,2,2,2,2
"V432",6,6,6,5,5,4,3,3,1
"V433",1,1,1,1,1,1,1,1,1
"V434",8,7,7,6,2,2,2,2,2
"V435",9,8,8,7,6,5,4,2,2
"V436",5,5,5,4,4,4,3,3,1
"V437",2,2,2,2,2,2,2,2,2
"V438",5,5,5,4,4,4,3,3,1
"V439",9,8,8,7,6,5,4,2,2
"V440",8,7,7,6,2,2,2,2,2
"V441",9,8,8,7,6,5,4,2,2
"V442",9,8,8,7,6,5,4,2,2
"V443",6,6,6,5,5,4,3,3,1
"V444",2,2,2,2,2,2,2,2,2
"V445",9,8,8,7,6,5,4,2,2
"V446",10,9,3,3,3,3,1,1,1
"V447",10,9,3,3,3,3,1,1,1
"V448",2,2,2,2,2,2,2,2,2
"V449",10,9,3,3,3,3,1,1,1
"V450",10,9,3,3,3,3,1,1,1
"V451",7,6,6,5,5,4,3,3,1
"V452",2,2,2,2,2,2,2,2,2
"V453",8,7,7,6,2,2,2,2,2
"V454",4,4,4,1,1,1,1,1,1
"V455",9,8,8,7,6,5,4,2,2
"V456",1,1,1,1,1,1,1,1,1
"V457",2,2,2,2,2,2,2,2,2
"V458",2,2,2,2,2,2,2,2,2
"V459",10,9,3,3,3,3,1,1,1
"V460",8,7,7,6,2,2,2,2,2
"V461",9,8,8,7,6,5,4,2,2
"V462",4,4,4,1,1,1,1,1,1
"V463",9,8,8,7,6,5,4,2,2
"V464",3,3,3,3,3,3,1,1,1
"V465",10,9,3,3,3,3,1,1,1
"V466",7,6,6,5,5,4,3,3,1
"V467",2,2,2,2,2,2,2,2,2
"V468",4,4,4,1,1,1,1,1,1
"V469",9,8,8,7,6,5,4,2,2
"V470",4,4,4,1,1,1,1,1,1
"V471",3,3,3,3,3,3,1,1,1
"V472",4,4,4,1,1,1,1,1,1
"V473",7,6,6,5,5,4,3,3,1
"V474",8,7,7,6,2,2,2,2,2
"V475",8,7,7,6,2,2,2,2,2
"V476",9,8,8,7,6,5,4,2,2
"V477",8,7,7,6,2,2,2,2,2
"V478",8,7,7,6,2,2,2,2,2
"V479",6,6,6,5,5,4,3,3,1
"V480",5,5,5,4,4,4,3,3,1
"V481",2,2,2,2,2,2,2,2,2
"V482",9,8,8,7,6,5,4,2,2
"V483",9,8,8,7,6,5,4,2,2
"V484",9,8,8,7,6,5,4,2,2
"V485",9,8,8,7,6,5,4,2,2
"V486",4,4,4,1,1,1,1,1,1
"V487",4,4,4,1,1,1,1,1,1
"V488",8,7,7,6,2,2,2,2,2
"V489",4,4,4,1,1,1,1,1,1
"V490",9,8,8,7,6,5,4,2,2
"V491",9,8,8,7,6,5,4,2,2
"V492",9,8,8,7,6,5,4,2,2
"V493",10,9,3,3,3,3,1,1,1
"V494",4,4,4,1,1,1,1,1,1
"V495",9,8,8,7,6,5,4,2,2
"V496",7,6,6,5,5,4,3,3,1
"V497",9,8,8,7,6,5,4,2,2
"V498",4,4,4,1,1,1,1,1,1
"V499",9,8,8,7,6,5,4,2,2
"V500",8,7,7,6,2,2,2,2,2
"V501",2,2,2,2,2,2,2,2,2
"V502",3,3,3,3,3,3,1,1,1
"V503",8,7,7,6,2,2,2,2,2
"V504",9,8,8,7,6,5,4,2,2
"V505",1,1,1,1,1,1,1,1,1
"V506",10,9,3,3,3,3,1,1,1
"V507",10,9,3,3,3,3,1,1,1
"V508",8,7,7,6,2,2,2,2,2
"V509",3,3,3,3,3,3,1,1,1
"V510",1,1,1,1,1,1,1,1,1
"V511",2,2,2,2,2,2,2,2,2
"V512",8,7,7,6,2,2,2,2,2
"V513",1,1,1,1,1,1,1,1,1
"V514",7,6,6,5,5,4,3,3,1
"V515",7,6,6,5,5,4,3,3,1
"V516",1,1,1,1,1,1,1,1,1
"V517",3,3,3,3,3,3,1,1,1
"V518",7,6,6,5,5,4,3,3,1
"V519",1,1,1,1,1,1,1,1,1
"V520",5,5,5,4,4,4,3,3,1
"V521",7,6,6,5,5,4,3,3,1
"V522",2,2,2,2,2,2,2,2,2
"V523",3,3,3,3,3,3,1,1,1
"V524",2,2,2,2,2,2,2,2,2
"V525",9,8,8,7,6,5,4,2,2
"V526",4,4,4,1,1,1,1,1,1
"V527",9,8,8,7,6,5,4,2,2
"V528",2,2,2,2,2,2,2,2,2
"V529",2,2,2,2,2,2,2,2,2
"V530",10,9,3,3,3,3,1,1,1
"V531",4,4,4,1,1,1,1,1,1
"V532",2,2,2,2,2,2,2,2,2
"V533",1,1,1,1,1,1,1,1,1
"V534",6,6,6,5,5,4,3,3,1
"V535",9,8,8,7,6,5,4,2,2
"V536",7,6,6,5,5,4,3,3,1
"V537",9,8,8,7,6,5,4,2,2
"V538",10,9,3,3,3,3,1,1,1
"V539",8,7,7,6,2,2,2,2,2
"V540",2,2,2,2,2,2,2,2,2
"V541",2,2,2,2,2,2,2,2,2
"V542",8,7,7,6,2,2,2,2,2
"V543",9,8,8,7,6,5,4,2,2
"V544",5,5,5,4,4,4,3,3,1
"V545",3,3,3,3,3,3,1,1,1
"V546",5,5,5,4,4,4,3,3,1
"V547",8,7,7,6,2,2,2,2,2
"V548",8,7,7,6,2,2,2,2,2
"V549",1,1,1,1,1,1,1,1,1
"V550",2,2,2,2,2,2,2,2,2
"V551",5,5,5,4,4,4,3,3,1
"V552",2,2,2,2,2,2,2,2,2
"V553",8,7,7,6,2,2,2,2,2
"V554",4,4,4,1,1,1,1,1,1
"V555",4,4,4,1,1,1,1,1,1
"V556",9,8,8,7,6,5,4,2,2
"V557",9,8,8,7,6,5,4,2,2
"V558",7,6,6,5,5,4,3,3,1
"V559",9,8,8,7,6,5,4,2,2
"V560",3,3,3,3,3,3,1,1,1
"V561",9,8,8,7,6,5,4,2,2
"V562",1,1,1,1,1,1,1,1,1
"V563",10,9,3,3,3,3,1,1,1
"V564",8,7,7,6,2,2,2,2,2
"V565",5,5,5,4,4,4,3,3,1
"V566",1,1,1,1,1,1,1,1,1
"V567",7,6,6,5,5,4,3,3,1
"V568",8,7,7,6,2,2,2,2,2
"V569",3,3,3,3,3,3,1,1,1
"V570",4,4,4,1,1,1,1,1,1
"V571",2,2,2,2,2,2,2,2,2
"V572",5,5,5,4,4,4,3,3,1
"V573",5,5,5,4,4,4,3,3,1
"V574",9,8,8,7,6,5,4,2,2
"V575",4,4,4,1,1,1,1,1,1
"V576",10,9,3,3,3,3,1,1,1
"V577",8,7,7,6,2,2,2,2,2
"V578",1,1,1,1,1,1,1,1,1
"V579",10,9,3,3,3,3,1,1,1
"V580",3,3,3,3,3,3,1,1,1
"V581",2,2,2,2,2,2,2,2,2
"V582",3,3,3,3,3,3,1,1,1
"V583",4,4,4,1,1,1,1,1,1
"V584",9,8,8,7,6,5,4,2,2
"V585",2,2,2,2,2,2,2,2,2
"V586",3,3,3,3,3,3,1,1,1
"V587",8,7,7,6,2,2,2,2,2
"V588",1,1,1,1,1,1,1,1,1
"V589",9,8,8,7,6,5,4,2,2
"V590",9,8,8,7,6,5,4,2,2
"V591",10,9,3,3,3,3,1,1,1
"V592",5,5,5,4,4,4,3,3,1
"V593",5,5,5,4,4,4,3,3,1
"V594",2,2,2,2,2,2,2,2,2
"V595",3,3,3,3,3,3,1,1,1
"V596",4,4,4,1,1,1,1,1,1
"V597",9,8,8,7,6,5,4,2,2
"V598",1,1,1,1,1,1,1,1,1
"V599",4,4,4,1,1,1,1,1,1
"V600",9,8,8,7,6,5,4,2,2
"V601",6,6,6,5,5,4,3,3,1
"V602",4,4,4,1,1,1,1,1,1
"V603",2,2,2,2,2,2,2,2,2
"V604",8,7,7,6,2,2,2,2,2
"V605",5,5,5,4,4,4,3,3,1
"V606",7,6,6,5,5,4,3,3,1
"V607",9,8,8,7,6,5,4,2,2
"V608",10,9,3,3,3,3,1,1,1
"V609",8,7,7,6,2,2,2,2,2
"V610",2,2,2,2,2,2,2,2,2
"V611",7,6,6,5,5,4,3,3,1
"V612",9,8,8,7,6,5,4,2,2
"V613",8,7,7,6,2,2,2,2,2
"V614",10,9,3,3,3,3,1,1,1
"V615",9,8,8,7,6,5,4,2,2
"V616",9,8,8,7,6,5,4,2,2
"V617",8,7,7,6,2,2,2,2,2
"V618",2,2,2,2,2,2,2,2,2
"V619",9,8,8,7,6,5,4,2,2
"V620",3,3,3,3,3,3,1,1,1
"V621",8,7,7,6,2,2,2,2,2
"V622",9,8,8,7,6,5,4,2,2
"V623",8,7,7,6,2,2,2,2,2
"V624",4,4,4,1,1,1,1,1,1
"V625",8,7,7,6,2,2,2,2,2
"V626",9,8,8,7,6,5,4,2,2
"V627",8,7,7,6,2,2,2,2,2
"V628",1,1,1,1,1,1,1,1,1
"V629",9,8,8,7,6,5,4,2,2
"V630",2,2,2,2,2,2,2,2,2
"V631",4,4,4,1,1,1,1,1,1
"V632",9,8,8,7,6,5,4,2,2
"V633",8,7,7,6,2,2,2,2,2
"V634",7,6,6,5,5,4,3,3,1
"V635",5,5,5,4,4,4,3,3,1
"V636",4,4,4,1,1,1,1,1,1
"V637",4,4,4,1,1,1,1,1,1
"V638",6,6,6,5,5,4,3,3,1
"V639",8,7,7,6,2,2,2,2,2
"V640",3,3,3,3,3,3,1,1,1
"V641",5,5,5,4,4,4,3,3,1
"V642",4,4,4,1,1,1,1,1,1
"V643",9,8,8,7,6,5,4,2,2
"V644",9,8,8,7,6,5,4,2,2
"V645",3,3,3,3,3,3,1,1,1
"V646",4,4,4,1,1,1,1,1,1
"V647",9,8,8,7,6,5,4,2,2
"V648",2,2,2,2,2,2,2,2,2
"V649",10,9,3,3,3,3,1,1,1
"V650",9,8,8,7,6,5,4,2,2
"V651",4,4,4,1,1,1,1,1,1
"V652",2,2,2,2,2,2,2,2,2
"V653",10,9,3,3,3,3,1,1,1
"V654",8,7,7,6,2,2,2,2,2
"V655",9,8,8,7,6,5,4,2,2
"V656",10,9,3,3,3,3,1,1,1
"V657",5,5,5,4,4,4,3,3,1
"V658",9,8,8,7,6,5,4,2,2
"V659",3,3,3,3,3,3,1,1,1
"V660",4,4,4,1,1,1,1,1,1
"V661",4,4,4,1,1,1,1,1,1
"V662",2,2,2,2,2,2,2,2,2
"V663",2,2,2,2,2,2,2,2,2
"V664",9,8,8,7,6,5,4,2,2
"V665",4,4,4,1,1,1,1,1,1
"V666",3,3,3,3,3,3,1,1,1
"V667",8,7,7,6,2,2,2,2,2
"V668",2,2,2,2,2,2,2,2,2
"V669",2,2,2,2,2,2,2,2,2
"V670",9,8,8,7,6,5,4,2,2
"V671",1,1,1,1,1,1,1,1,1
"V672",6,6,6,5,5,4,3,3,1
"V673",9,8,8,7,6,5,4,2,2
"V674",2,2,2,2,2,2,2,2,2
"V675",4,4,4,1,1,1,1,1,1
"V676",3,3,3,3,3,3,1,1,1
"V677",1,1,1,1,1,1,1,1,1
"V678",2,2,2,2,2,2,2,2,2
"V679",2,2,2,2,2,2,2,2,2
"V680",4,4,4,1,1,1,1,1,1
"V681",10,9,3,3,3,3,1,1,1
"V682",6,6,6,5,5,4,3,3,1
"V683",10,9,3,3,3,3,1,1,1
"V684",3,3,3,3,3,3,1,1,1
"V685",3,3,3,3,3,3,1,1,1
"V686",4,4,4,1,1,1,1,1,1
"V687",7,6,6,5,5,4,3,3,1
"V688",9,8,8,7,6,5,4,2,2
"V689",9,8,8,7,6,5,4,2,2
"V690",9,8,8,7,6,5,4,2,2
"V691",9,8,8,7,6,5,4,2,2
"V692",2,2,2,2,2,2,2,2,2
"V693",8,7,7,6,2,2,2,2,2
"V694",8,7,7,6,2,2,2,2,2
"V695",10,9,3,3,3,3,1,1,1
"V696",9,8,8,7,6,5,4,2,2
"V697",9,8,8,7,6,5,4,2,2
"V698",10,9,3,3,3,3,1,1,1
"V699",10,9,3,3,3,3,1,1,1
"V700",9,8,8,7,6,5,4,2,2
"V701",2,2,2,2,2,2,2,2,2
"V702",2,2,2,2,2,2,2,2,2
"V703",8,7,7,6,2,2,2,2,2
"V704",5,5,5,4,4,4,3,3,1
"V705",9,8,8,7,6,5,4,2,2
"V706",9,8,8,7,6,5,4,2,2
"V707",8,7,7,6,2,2,2,2,2
"V708",1,1,1,1,1,1,1,1,1
"V709",2,2,2,2,2,2,2,2,2
"V710",4,4,4,1,1,1,1,1,1
"V711",8,7,7,6,2,2,2,2,2
"V712",3,3,3,3,3,3,1,1,1
"V713",6,6,6,5,5,4,3,3,1
"V714",9,8,8,7,6,5,4,2,2
"V715",2,2,2,2,2,2,2,2,2
"V716",6,6,6,5,5,4,3,3,1
"V717",9,8,8,7,6,5,4,2,2
"V718",8,7,7,6,2,2,2,2,2
"V719",9,8,8,7,6,5,4,2,2
"V720",9,8,8,7,6,5,4,2,2
"V721",8,7,7,6,2,2,2,2,2
"V722",10,9,3,3,3,3,1,1,1
"V723",2,2,2,2,2,2,2,2,2
"V724",5,5,5,4,4,4,3,3,1
"V725",1,1,1,1,1,1,1,1,1
"V726",2,2,2,2,2,2,2,2,2
"V727",8,7,7,6,2,2,2,2,2
"V728",8,7,7,6,2,2,2,2,2
"V729",9,8,8,7,6,5,4,2,2
"V730",2,2,2,2,2,2,2,2,2
"V731",5,5,5,4,4,4,3,3,1
"V732",10,9,3,3,3,3,1,1,1
"V733",1,1,1,1,1,1,1,1,1
"V734",7,6,6,5,5,4,3,3,1
"V735",2,2,2,2,2,2,2,2,2
"V736",8,7,7,6,2,2,2,2,2
"V737",9,8,8,7,6,5,4,2,2
"V738",7,6,6,5,5,4,3,3,1
"V739",9,8,8,7,6,5,4,2,2
"V740",4,4,4,1,1,1,1,1,1
"V741",5,5,5,4,4,4,3,3,1
"V742",8,7,7,6,2,2,2,2,2
"V743",3,3,3,3,3,3,1,1,1
"V744",7,6,6,5,5,4,3,3,1
"V745",3,3,3,3,3,3,1,1,1
"V746",5,5,5,4,4,4,3,3,1
"V747",4,4,4,1,1,1,1,1,1
"V748",9,8,8,7,6,5,4,2,2
"V749",7,6,6,5,5,4,3,3,1
"V750",8,7,7,6,2,2,2,2,2
"V751",2,2,2,2,2,2,2,2,2
"V752",8,7,7,6,2,2,2,2,2
"V753",8,7,7,6,2,2,2,2,2
"V754",7,6,6,5,5,4,3,3,1
"V755",9,8,8,7,6,5,4,2,2
"V756",2,2,2,2,2,2,2,2,2
"V757",5,5,5,4,4,4,3,3,1
"V758",3,3,3,3,3,3,1,1,1
"V759",1,1,1,1,1,1,1,1,1
"V760",2,2,2,2,2,2,2,2,2
"V761",8,7,7,6,2,2,2,2,2
"V762",9,8,8,7,6,5,4,2,2
"V763",2,2,2,2,2,2,2,2,2
"V764",5,5,5,4,4,4,3,3,1
"V765",8,7,7,6,2,2,2,2,2
"V766",9,8,8,7,6,5,4,2,2
"V767",4,4,4,1,1,1,1,1,1
"V768",7,6,6,5,5,4,3,3,1
"V769",4,4,4,1,1,1,1,1,1
"V770",7,6,6,5,5,4,3,3,1
"V771",9,8,8,7,6,5,4,2,2
"V772",10,9,3,3,3,3,1,1,1
"V773",9,8,8,7,6,5,4,2,2
"V774",6,6,6,5,5,4,3,3,1
"V775",10,9,3,3,3,3,1,1,1
"V776",1,1,1,1,1,1,1,1,1
"V777",9,8,8,7,6,5,4,2,2
"V778",2,2,2,2,2,2,2,2,2
"V779",3,3,3,3,3,3,1,1,1
"V780",9,8,8,7,6,5,4,2,2
"V781",2,2,2,2,2,2,2,2,2
"V782",5,5,5,4,4,4,3,3,1
"V783",4,4,4,1,1,1,1,1,1
"V784",2,2,2,2,2,2,2,2,2
"V785",7,6,6,5,5,4,3,3,1
"V786",9,8,8,7,6,5,4,2,2
"V787",7,6,6,5,5,4,3,3,1
"V788",9,8,8,7,6,5,4,2,2
"V789",2,2,2,2,2,2,2,2,2
"V790",3,3,3,3,3,3,1,1,1
"V791",2,2,2,2,2,2,2,2,2
"V792",1,1,1,1,1,1,1,1,1
"V793",8,7,7,6,2,2,2,2,2
"V794",5,5,5,4,4,4,3,3,1
"V795",8,7,7,6,2,2,2,2,2
"V796",9,8,8,7,6,5,4,2,2
"V797",9,8,8,7,6,5,4,2,2
"V798",9,8,8,7,6,5,4,2,2
"V799",4,4,4,1,1,1,1,1,1
"V800",9,8,8,7,6,5,4,2,2
"V801",3,3,3,3,3,3,1,1,1
"V802",3,3,3,3,3,3,1,1,1
"V803",2,2,2,2,2,2,2,2,2
"V804",4,4,4,1,1,1,1,1,1
"V805",4,4,4,1,1,1,1,1,1
"V806",9,8,8,7,6,5,4,2,2
"V807",9,8,8,7,6,5,4,2,2
"V808",1,1,1,1,1,1,1,1,1
"V809",9,8,8,7,6,5,4,2,2
"V810",5,5,5,4,4,4,3,3,1
"V811",4,4,4,1,1,1,1,1,1
"V812",7,6,6,5,5,4,3,3,1
"V813",5,5,5,4,4,4,3,3,1
"V814",1,1,1,1,1,1,1,1,1
"V815",3,3,3,3,3,3,1,1,1
"V816",9,8,8,7,6,5,4,2,2
"V817",4,4,4,1,1,1,1,1,1
"V818",1,1,1,1,1,1,1,1,1
"V819",4,4,4,1,1,1,1,1,1
"V820",9,8,8,7,6,5,4,2,2
"V821",2,2,2,2,2,2,2,2,2
"V822",3,3,3,3,3,3,1,1,1
"V823",9,8,8,7,6,5,4,2,2
"V824",2,2,2,2,2,2,2,2,2
"V825",2,2,2,2,2,2,2,2,2
"V826",8,7,7,6,2,2,2,2,2
"V827",7,6,6,5,5,4,3,3,1
"V828",9,8,8,7,6,5,4,2,2
"V829",5,5,5,4,4,4,3,3,1
"V830",8,7,7,6,2,2,2,2,2
"V831",8,7,7,6,2,2,2,2,2
"V832",2,2,2,2,2,2,2,2,2
"V833",4,4,4,1,1,1,1,1,1
"V834",2,2,2,2,2,2,2,2,2
"V835",2,2,2,2,2,2,2,2,2
"V836",2,2,2,2,2,2,2,2,2
"V837",8,7,7,6,2,2,2,2,2
"V838",9,8,8,7,6,5,4,2,2
"V839",5,5,5,4,4,4,3,3,1
"V840",3,3,3,3,3,3,1,1,1
"V841",10,9,3,3,3,3,1,1,1
"V842",9,8,8,7,6,5,4,2,2
"V843",9,8,8,7,6,5,4,2,2
"V844",9,8,8,7,6,5,4,2,2
"V845",4,4,4,1,1,1,1,1,1
"V846",2,2,2,2,2,2,2,2,2
"V847",8,7,7,6,2,2,2,2,2
"V848",8,7,7,6,2,2,2,2,2
"V849",1,1,1,1,1,1,1,1,1
"V850",1,1,1,1,1,1,1,1,1
"V851",9,8,8,7,6,5,4,2,2
"V852",4,4,4,1,1,1,1,1,1
"V853",9,8,8,7,6,5,4,2,2
"V854",8,7,7,6,2,2,2,2,2
"V855",9,8,8,7,6,5,4,2,2
"V856",8,7,7,6,2,2,2,2,2
"V857",5,5,5,4,4,4,3,3,1
"V858",8,7,7,6,2,2,2,2,2
"V859",5,5,5,4,4,4,3,3,1
"V860",9,8,8,7,6,5,4,2,2
"V861",7,6,6,5,5,4,3,3,1
"V862",6,6,6,5,5,4,3,3,1
"V863",2,2,2,2,2,2,2,2,2
"V864",9,8,8,7,6,5,4,2,2
"V865",8,7,7,6,2,2,2,2,2
"V866",5,5,5,4,4,4,3,3,1
"V867",8,7,7,6,2,2,2,2,2
"V868",4,4,4,1,1,1,1,1,1
"V869",2,2,2,2,2,2,2,2,2
"V870",3,3,3,3,3,3,1,1,1
"V871",8,7,7,6,2,2,2,2,2
"V872",4,4,4,1,1,1,1,1,1
"V873",1,1,1,1,1,1,1,1,1
"V874",9,8,8,7,6,5,4,2,2
"V875",5,5,5,4,4,4,3,3,1
"V876",7,6,6,5,5,4,3,3,1
"V877",8,7,7,6,2,2,2,2,2
"V878",9,8,8,7,6,5,4,2,2
"V879",9,8,8,7,6,5,4,2,2
"V880",1,1,1,1,1,1,1,1,1
"V881",10,9,3,3,3,3,1,1,1
"V882",7,6,6,5,5,4,3,3,1
"V883",1,1,1,1,1,1,1,1,1
"V884",8,7,7,6,2,2,2,2,2
"V885",5,5,5,4,4,4,3,3,1
"V886",2,2,2,2,2,2,2,2,2
"V887",1,1,1,1,1,1,1,1,1
"V888",3,3,3,3,3,3,1,1,1
"V889",8,7,7,6,2,2,2,2,2
"V890",2,2,2,2,2,2,2,2,2
"V891",9,8,8,7,6,5,4,2,2
"V892",2,2,2,2,2,2,2,2,2
"V893",5,5,5,4,4,4,3,3,1
"V894",8,7,7,6,2,2,2,2,2
"V895",5,5,5,4,4,4,3,3,1
"V896",6,6,6,5,5,4,3,3,1
"V897",9,8,8,7,6,5,4,2,2
"V898",2,2,2,2,2,2,2,2,2
"V899",4,4,4,1,1,1,1,1,1
"V900",3,3,3,3,3,3,1,1,1
"V901",2,2,2,2,2,2,2,2,2
"V902",4,4,4,1,1,1,1,1,1
"V903",10,9,3,3,3,3,1,1,1
"V904",8,7,7,6,2,2,2,2,2
"V905",9,8,8,7,6,5,4,2,2
"V906",7,6,6,5,5,4,3,3,1
"V907",9,8,8,7,6,5,4,2,2
"V908",9,8,8,7,6,5,4,2,2
"V909",4,4,4,1,1,1,1,1,1
"V910",8,7,7,6,2,2,2,2,2
"V911",8,7,7,6,2,2,2,2,2
"V912",8,7,7,6,2,2,2,2,2
"V913",1,1,1,1,1,1,1,1,1
"V914",10,9,3,3,3,3,1,1,1
"V915",8,7,7,6,2,2,2,2,2
"V916",4,4,4,1,1,1,1,1,1
"V917",6,6,6,5,5,4,3,3,1
"V918",9,8,8,7,6,5,4,2,2
"V919",9,8,8,7,6,5,4,2,2
"V920",9,8,8,7,6,5,4,2,2
"V921",8,7,7,6,2,2,2,2,2
"V922",9,8,8,7,6,5,4,2,2
"V923",8,7,7,6,2,2,2,2,2
"V924",9,8,8,7,6,5,4,2,2
"V925",8,7,7,6,2,2,2,2,2
"V926",9,8,8,7,6,5,4,2,2
"V927",4,4,4,1,1,1,1,1,1
"V928",9,8,8,7,6,5,4,2,2
"V929",7,6,6,5,5,4,3,3,1
"V930",7,6,6,5,5,4,3,3,1
"V931",9,8,8,7,6,5,4,2,2
"V932",9,8,8,7,6,5,4,2,2
"V933",10,9,3,3,3,3,1,1,1
"V934",3,3,3,3,3,3,1,1,1
"V935",1,1,1,1,1,1,1,1,1
"V936",4,4,4,1,1,1,1,1,1
"V937",7,6,6,5,5,4,3,3,1
"V938",8,7,7,6,2,2,2,2,2
"V939",8,7,7,6,2,2,2,2,2
"V940",4,4,4,1,1,1,1,1,1
"V941",4,4,4,1,1,1,1,1,1
"V942",9,8,8,7,6,5,4,2,2
"V943",5,5,5,4,4,4,3,3,1
"V944",8,7,7,6,2,2,2,2,2
"V945",9,8,8,7,6,5,4,2,2
"V946",2,2,2,2,2,2,2,2,2
"V947",2,2,2,2,2,2,2,2,2
"V948",10,9,3,3,3,3,1,1,1
"V949",5,5,5,4,4,4,3,3,1
"V950",5,5,5,4,4,4,3,3,1
"V951",8,7,7,6,2,2,2,2,2
"V952",8,7,7,6,2,2,2,2,2
"V953",2,2,2,2,2,2,2,2,2
"V954",8,7,7,6,2,2,2,2,2
"V955",9,8,8,7,6,5,4,2,2
"V956",2,2,2,2,2,2,2,2,2
"V957",9,8,8,7,6,5,4,2,2
"V958",9,8,8,7,6,5,4,2,2
"V959",5,5,5,4,4,4,3,3,1
"V960",4,4,4,1,1,1,1,1,1
"V961",10,9,3,3,3,3,1,1,1
"V962",8,7,7,6,2,2,2,2,2
"V963",9,8,8,7,6,5,4,2,2
"V964",4,4,4,1,1,1,1,1,1
"V965",9,8,8,7,6,5,4,2,2
"V966",5,5,5,4,4,4,3,3,1
"V967",5,5,5,4,4,4,3,3,1
"V968",10,9,3,3,3,3,1,1,1
"V969",10,9,3,3,3,3,1,1,1
"V970",8,7,7,6,2,2,2,2,2
"V971",10,9,3,3,3,3,1,1,1
"V972",4,4,4,1,1,1,1,1,1
"V973",9,8,8,7,6,5,4,2,2
"V974",10,9,3,3,3,3,1,1,1
"V975",1,1,1,1,1,1,1,1,1
"V976",7,6,6,5,5,4,3,3,1
"V977",9,8,8,7,6,5,4,2,2
"V978",8,7,7,6,2,2,2,2,2
"V979",6,6,6,5,5,4,3,3,1
"V980",5,5,5,4,4,4,3,3,1
"V981",5,5,5,4,4,4,3,3,1
"V982",2,2,2,2,2,2,2,2,2
"V983",9,8,8,7,6,5,4,2,2
"V984",9,8,8,7,6,5,4,2,2
"V985",5,5,5,4,4,4,3,3,1
"V986",8,7,7,6,2,2,2,2,2
"V987",5,5,5,4,4,4,3,3,1
"V988",10,9,3,3,3,3,1,1,1
"V989",3,3,3,3,3,3,1,1,1
"V990",2,2,2,2,2,2,2,2,2
"V991",1,1,1,1,1,1,1,1,1
"V992",4,4,4,1,1,1,1,1,1
"V993",1,1,1,1,1,1,1,1,1
"V994",8,7,7,6,2,2,2,2,2
"V995",2,2,2,2,2,2,2,2,2
"V996",3,3,3,3,3,3,1,1,1
"V997",8,7,7,6,2,2,2,2,2
"V998",1,1,1,1,1,1,1,1,1
"V999",3,3,3,3,3,3,1,1,1
"V1000",9,8,8,7,6,5,4,2,2
