"","Cl_mat","cl_id","cl_id.1","cl_id.2","cl_id.3","cl_id.4","cl_id.5","cl_id.6","cl_id.7"
"V1",9,8,7,6,4,4,4,3,2
"V2",2,2,2,2,2,2,2,2,1
"V3",8,7,6,3,3,3,3,3,2
"V4",7,2,2,2,2,2,2,2,1
"V5",6,6,5,5,5,2,2,2,1
"V6",5,5,4,4,4,4,4,3,2
"V7",6,6,5,5,5,2,2,2,1
"V8",3,3,1,1,1,1,1,1,1
"V9",1,1,1,1,1,1,1,1,1
"V10",5,5,4,4,4,4,4,3,2
"V11",10,9,8,7,6,5,1,1,1
"V12",7,2,2,2,2,2,2,2,1
"V13",9,8,7,6,4,4,4,3,2
"V14",1,1,1,1,1,1,1,1,1
"V15",4,4,3,3,3,3,3,3,2
"V16",3,3,1,1,1,1,1,1,1
"V17",8,7,6,3,3,3,3,3,2
"V18",1,1,1,1,1,1,1,1,1
"V19",10,9,8,7,6,5,1,1,1
"V20",10,9,8,7,6,5,1,1,1
"V21",8,7,6,3,3,3,3,3,2
"V22",9,8,7,6,4,4,4,3,2
"V23",7,2,2,2,2,2,2,2,1
"V24",3,3,1,1,1,1,1,1,1
"V25",3,3,1,1,1,1,1,1,1
"V26",1,1,1,1,1,1,1,1,1
"V27",7,2,2,2,2,2,2,2,1
"V28",4,4,3,3,3,3,3,3,2
"V29",10,9,8,7,6,5,1,1,1
"V30",10,9,8,7,6,5,1,1,1
"V31",2,2,2,2,2,2,2,2,1
"V32",4,4,3,3,3,3,3,3,2
"V33",1,1,1,1,1,1,1,1,1
"V34",5,5,4,4,4,4,4,3,2
"V35",5,5,4,4,4,4,4,3,2
"V36",9,8,7,6,4,4,4,3,2
"V37",5,5,4,4,4,4,4,3,2
"V38",8,7,6,3,3,3,3,3,2
"V39",6,6,5,5,5,2,2,2,1
"V40",10,9,8,7,6,5,1,1,1
"V41",9,8,7,6,4,4,4,3,2
"V42",10,9,8,7,6,5,1,1,1
"V43",5,5,4,4,4,4,4,3,2
"V44",10,9,8,7,6,5,1,1,1
"V45",3,3,1,1,1,1,1,1,1
"V46",3,3,1,1,1,1,1,1,1
"V47",1,1,1,1,1,1,1,1,1
"V48",3,3,1,1,1,1,1,1,1
"V49",10,9,8,7,6,5,1,1,1
"V50",8,7,6,3,3,3,3,3,2
"V51",9,8,7,6,4,4,4,3,2
"V52",3,3,1,1,1,1,1,1,1
"V53",9,8,7,6,4,4,4,3,2
"V54",9,8,7,6,4,4,4,3,2
"V55",10,9,8,7,6,5,1,1,1
"V56",7,2,2,2,2,2,2,2,1
"V57",10,9,8,7,6,5,1,1,1
"V58",1,1,1,1,1,1,1,1,1
"V59",9,8,7,6,4,4,4,3,2
"V60",1,1,1,1,1,1,1,1,1
"V61",10,9,8,7,6,5,1,1,1
"V62",9,8,7,6,4,4,4,3,2
"V63",1,1,1,1,1,1,1,1,1
"V64",10,9,8,7,6,5,1,1,1
"V65",2,2,2,2,2,2,2,2,1
"V66",1,1,1,1,1,1,1,1,1
"V67",10,9,8,7,6,5,1,1,1
"V68",9,8,7,6,4,4,4,3,2
"V69",10,9,8,7,6,5,1,1,1
"V70",3,3,1,1,1,1,1,1,1
"V71",6,6,5,5,5,2,2,2,1
"V72",10,9,8,7,6,5,1,1,1
"V73",10,9,8,7,6,5,1,1,1
"V74",1,1,1,1,1,1,1,1,1
"V75",10,9,8,7,6,5,1,1,1
"V76",5,5,4,4,4,4,4,3,2
"V77",9,8,7,6,4,4,4,3,2
"V78",10,9,8,7,6,5,1,1,1
"V79",9,8,7,6,4,4,4,3,2
"V80",9,8,7,6,4,4,4,3,2
"V81",5,5,4,4,4,4,4,3,2
"V82",5,5,4,4,4,4,4,3,2
"V83",9,8,7,6,4,4,4,3,2
"V84",9,8,7,6,4,4,4,3,2
"V85",9,8,7,6,4,4,4,3,2
"V86",5,5,4,4,4,4,4,3,2
"V87",3,3,1,1,1,1,1,1,1
"V88",5,5,4,4,4,4,4,3,2
"V89",6,6,5,5,5,2,2,2,1
"V90",6,6,5,5,5,2,2,2,1
"V91",1,1,1,1,1,1,1,1,1
"V92",5,5,4,4,4,4,4,3,2
"V93",3,3,1,1,1,1,1,1,1
"V94",5,5,4,4,4,4,4,3,2
"V95",1,1,1,1,1,1,1,1,1
"V96",9,8,7,6,4,4,4,3,2
"V97",8,7,6,3,3,3,3,3,2
"V98",9,8,7,6,4,4,4,3,2
"V99",1,1,1,1,1,1,1,1,1
"V100",9,8,7,6,4,4,4,3,2
"V101",8,7,6,3,3,3,3,3,2
"V102",5,5,4,4,4,4,4,3,2
"V103",5,5,4,4,4,4,4,3,2
"V104",1,1,1,1,1,1,1,1,1
"V105",3,3,1,1,1,1,1,1,1
"V106",9,8,7,6,4,4,4,3,2
"V107",10,9,8,7,6,5,1,1,1
"V108",8,7,6,3,3,3,3,3,2
"V109",10,9,8,7,6,5,1,1,1
"V110",9,8,7,6,4,4,4,3,2
"V111",9,8,7,6,4,4,4,3,2
"V112",4,4,3,3,3,3,3,3,2
"V113",2,2,2,2,2,2,2,2,1
"V114",8,7,6,3,3,3,3,3,2
"V115",1,1,1,1,1,1,1,1,1
"V116",8,7,6,3,3,3,3,3,2
"V117",4,4,3,3,3,3,3,3,2
"V118",1,1,1,1,1,1,1,1,1
"V119",9,8,7,6,4,4,4,3,2
"V120",9,8,7,6,4,4,4,3,2
"V121",6,6,5,5,5,2,2,2,1
"V122",5,5,4,4,4,4,4,3,2
"V123",8,7,6,3,3,3,3,3,2
"V124",5,5,4,4,4,4,4,3,2
"V125",8,7,6,3,3,3,3,3,2
"V126",7,2,2,2,2,2,2,2,1
"V127",2,2,2,2,2,2,2,2,1
"V128",5,5,4,4,4,4,4,3,2
"V129",10,9,8,7,6,5,1,1,1
"V130",5,5,4,4,4,4,4,3,2
"V131",1,1,1,1,1,1,1,1,1
"V132",1,1,1,1,1,1,1,1,1
"V133",8,7,6,3,3,3,3,3,2
"V134",10,9,8,7,6,5,1,1,1
"V135",3,3,1,1,1,1,1,1,1
"V136",3,3,1,1,1,1,1,1,1
"V137",3,3,1,1,1,1,1,1,1
"V138",4,4,3,3,3,3,3,3,2
"V139",3,3,1,1,1,1,1,1,1
"V140",9,8,7,6,4,4,4,3,2
"V141",5,5,4,4,4,4,4,3,2
"V142",10,9,8,7,6,5,1,1,1
"V143",2,2,2,2,2,2,2,2,1
"V144",3,3,1,1,1,1,1,1,1
"V145",8,7,6,3,3,3,3,3,2
"V146",10,9,8,7,6,5,1,1,1
"V147",10,9,8,7,6,5,1,1,1
"V148",3,3,1,1,1,1,1,1,1
"V149",9,8,7,6,4,4,4,3,2
"V150",9,8,7,6,4,4,4,3,2
"V151",4,4,3,3,3,3,3,3,2
"V152",9,8,7,6,4,4,4,3,2
"V153",10,9,8,7,6,5,1,1,1
"V154",1,1,1,1,1,1,1,1,1
"V155",10,9,8,7,6,5,1,1,1
"V156",6,6,5,5,5,2,2,2,1
"V157",10,9,8,7,6,5,1,1,1
"V158",4,4,3,3,3,3,3,3,2
"V159",1,1,1,1,1,1,1,1,1
"V160",4,4,3,3,3,3,3,3,2
"V161",2,2,2,2,2,2,2,2,1
"V162",5,5,4,4,4,4,4,3,2
"V163",1,1,1,1,1,1,1,1,1
"V164",9,8,7,6,4,4,4,3,2
"V165",5,5,4,4,4,4,4,3,2
"V166",8,7,6,3,3,3,3,3,2
"V167",6,6,5,5,5,2,2,2,1
"V168",9,8,7,6,4,4,4,3,2
"V169",6,6,5,5,5,2,2,2,1
"V170",9,8,7,6,4,4,4,3,2
"V171",10,9,8,7,6,5,1,1,1
"V172",8,7,6,3,3,3,3,3,2
"V173",4,4,3,3,3,3,3,3,2
"V174",8,7,6,3,3,3,3,3,2
"V175",6,6,5,5,5,2,2,2,1
"V176",8,7,6,3,3,3,3,3,2
"V177",9,8,7,6,4,4,4,3,2
"V178",9,8,7,6,4,4,4,3,2
"V179",9,8,7,6,4,4,4,3,2
"V180",1,1,1,1,1,1,1,1,1
"V181",3,3,1,1,1,1,1,1,1
"V182",5,5,4,4,4,4,4,3,2
"V183",2,2,2,2,2,2,2,2,1
"V184",9,8,7,6,4,4,4,3,2
"V185",5,5,4,4,4,4,4,3,2
"V186",8,7,6,3,3,3,3,3,2
"V187",6,6,5,5,5,2,2,2,1
"V188",5,5,4,4,4,4,4,3,2
"V189",1,1,1,1,1,1,1,1,1
"V190",5,5,4,4,4,4,4,3,2
"V191",8,7,6,3,3,3,3,3,2
"V192",5,5,4,4,4,4,4,3,2
"V193",8,7,6,3,3,3,3,3,2
"V194",8,7,6,3,3,3,3,3,2
"V195",2,2,2,2,2,2,2,2,1
"V196",10,9,8,7,6,5,1,1,1
"V197",9,8,7,6,4,4,4,3,2
"V198",7,2,2,2,2,2,2,2,1
"V199",9,8,7,6,4,4,4,3,2
"V200",10,9,8,7,6,5,1,1,1
"V201",6,6,5,5,5,2,2,2,1
"V202",10,9,8,7,6,5,1,1,1
"V203",5,5,4,4,4,4,4,3,2
"V204",9,8,7,6,4,4,4,3,2
"V205",10,9,8,7,6,5,1,1,1
"V206",1,1,1,1,1,1,1,1,1
"V207",6,6,5,5,5,2,2,2,1
"V208",10,9,8,7,6,5,1,1,1
"V209",9,8,7,6,4,4,4,3,2
"V210",5,5,4,4,4,4,4,3,2
"V211",10,9,8,7,6,5,1,1,1
"V212",9,8,7,6,4,4,4,3,2
"V213",5,5,4,4,4,4,4,3,2
"V214",3,3,1,1,1,1,1,1,1
"V215",5,5,4,4,4,4,4,3,2
"V216",9,8,7,6,4,4,4,3,2
"V217",10,9,8,7,6,5,1,1,1
"V218",9,8,7,6,4,4,4,3,2
"V219",9,8,7,6,4,4,4,3,2
"V220",3,3,1,1,1,1,1,1,1
"V221",7,2,2,2,2,2,2,2,1
"V222",10,9,8,7,6,5,1,1,1
"V223",10,9,8,7,6,5,1,1,1
"V224",4,4,3,3,3,3,3,3,2
"V225",5,5,4,4,4,4,4,3,2
"V226",6,6,5,5,5,2,2,2,1
"V227",5,5,4,4,4,4,4,3,2
"V228",9,8,7,6,4,4,4,3,2
"V229",2,2,2,2,2,2,2,2,1
"V230",7,2,2,2,2,2,2,2,1
"V231",10,9,8,7,6,5,1,1,1
"V232",10,9,8,7,6,5,1,1,1
"V233",8,7,6,3,3,3,3,3,2
"V234",9,8,7,6,4,4,4,3,2
"V235",8,7,6,3,3,3,3,3,2
"V236",10,9,8,7,6,5,1,1,1
"V237",4,4,3,3,3,3,3,3,2
"V238",5,5,4,4,4,4,4,3,2
"V239",6,6,5,5,5,2,2,2,1
"V240",5,5,4,4,4,4,4,3,2
"V241",6,6,5,5,5,2,2,2,1
"V242",5,5,4,4,4,4,4,3,2
"V243",5,5,4,4,4,4,4,3,2
"V244",3,3,1,1,1,1,1,1,1
"V245",10,9,8,7,6,5,1,1,1
"V246",8,7,6,3,3,3,3,3,2
"V247",10,9,8,7,6,5,1,1,1
"V248",10,9,8,7,6,5,1,1,1
"V249",9,8,7,6,4,4,4,3,2
"V250",10,9,8,7,6,5,1,1,1
"V251",10,9,8,7,6,5,1,1,1
"V252",9,8,7,6,4,4,4,3,2
"V253",6,6,5,5,5,2,2,2,1
"V254",9,8,7,6,4,4,4,3,2
"V255",10,9,8,7,6,5,1,1,1
"V256",1,1,1,1,1,1,1,1,1
"V257",3,3,1,1,1,1,1,1,1
"V258",10,9,8,7,6,5,1,1,1
"V259",10,9,8,7,6,5,1,1,1
"V260",10,9,8,7,6,5,1,1,1
"V261",9,8,7,6,4,4,4,3,2
"V262",10,9,8,7,6,5,1,1,1
"V263",5,5,4,4,4,4,4,3,2
"V264",5,5,4,4,4,4,4,3,2
"V265",7,2,2,2,2,2,2,2,1
"V266",4,4,3,3,3,3,3,3,2
"V267",9,8,7,6,4,4,4,3,2
"V268",8,7,6,3,3,3,3,3,2
"V269",6,6,5,5,5,2,2,2,1
"V270",9,8,7,6,4,4,4,3,2
"V271",8,7,6,3,3,3,3,3,2
"V272",10,9,8,7,6,5,1,1,1
"V273",7,2,2,2,2,2,2,2,1
"V274",9,8,7,6,4,4,4,3,2
"V275",4,4,3,3,3,3,3,3,2
"V276",5,5,4,4,4,4,4,3,2
"V277",5,5,4,4,4,4,4,3,2
"V278",10,9,8,7,6,5,1,1,1
"V279",9,8,7,6,4,4,4,3,2
"V280",2,2,2,2,2,2,2,2,1
"V281",6,6,5,5,5,2,2,2,1
"V282",10,9,8,7,6,5,1,1,1
"V283",6,6,5,5,5,2,2,2,1
"V284",5,5,4,4,4,4,4,3,2
"V285",5,5,4,4,4,4,4,3,2
"V286",4,4,3,3,3,3,3,3,2
"V287",7,2,2,2,2,2,2,2,1
"V288",4,4,3,3,3,3,3,3,2
"V289",9,8,7,6,4,4,4,3,2
"V290",6,6,5,5,5,2,2,2,1
"V291",3,3,1,1,1,1,1,1,1
"V292",7,2,2,2,2,2,2,2,1
"V293",3,3,1,1,1,1,1,1,1
"V294",1,1,1,1,1,1,1,1,1
"V295",3,3,1,1,1,1,1,1,1
"V296",9,8,7,6,4,4,4,3,2
"V297",7,2,2,2,2,2,2,2,1
"V298",1,1,1,1,1,1,1,1,1
"V299",5,5,4,4,4,4,4,3,2
"V300",9,8,7,6,4,4,4,3,2
"V301",4,4,3,3,3,3,3,3,2
"V302",1,1,1,1,1,1,1,1,1
"V303",7,2,2,2,2,2,2,2,1
"V304",9,8,7,6,4,4,4,3,2
"V305",6,6,5,5,5,2,2,2,1
"V306",10,9,8,7,6,5,1,1,1
"V307",6,6,5,5,5,2,2,2,1
"V308",8,7,6,3,3,3,3,3,2
"V309",5,5,4,4,4,4,4,3,2
"V310",2,2,2,2,2,2,2,2,1
"V311",6,6,5,5,5,2,2,2,1
"V312",10,9,8,7,6,5,1,1,1
"V313",9,8,7,6,4,4,4,3,2
"V314",1,1,1,1,1,1,1,1,1
"V315",8,7,6,3,3,3,3,3,2
"V316",7,2,2,2,2,2,2,2,1
"V317",6,6,5,5,5,2,2,2,1
"V318",1,1,1,1,1,1,1,1,1
"V319",4,4,3,3,3,3,3,3,2
"V320",5,5,4,4,4,4,4,3,2
"V321",9,8,7,6,4,4,4,3,2
"V322",1,1,1,1,1,1,1,1,1
"V323",5,5,4,4,4,4,4,3,2
"V324",6,6,5,5,5,2,2,2,1
"V325",9,8,7,6,4,4,4,3,2
"V326",6,6,5,5,5,2,2,2,1
"V327",7,2,2,2,2,2,2,2,1
"V328",8,7,6,3,3,3,3,3,2
"V329",9,8,7,6,4,4,4,3,2
"V330",6,6,5,5,5,2,2,2,1
"V331",4,4,3,3,3,3,3,3,2
"V332",1,1,1,1,1,1,1,1,1
"V333",10,9,8,7,6,5,1,1,1
"V334",10,9,8,7,6,5,1,1,1
"V335",9,8,7,6,4,4,4,3,2
"V336",2,2,2,2,2,2,2,2,1
"V337",1,1,1,1,1,1,1,1,1
"V338",8,7,6,3,3,3,3,3,2
"V339",6,6,5,5,5,2,2,2,1
"V340",3,3,1,1,1,1,1,1,1
"V341",6,6,5,5,5,2,2,2,1
"V342",1,1,1,1,1,1,1,1,1
"V343",9,8,7,6,4,4,4,3,2
"V344",1,1,1,1,1,1,1,1,1
"V345",7,2,2,2,2,2,2,2,1
"V346",10,9,8,7,6,5,1,1,1
"V347",6,6,5,5,5,2,2,2,1
"V348",10,9,8,7,6,5,1,1,1
"V349",1,1,1,1,1,1,1,1,1
"V350",5,5,4,4,4,4,4,3,2
"V351",4,4,3,3,3,3,3,3,2
"V352",8,7,6,3,3,3,3,3,2
"V353",9,8,7,6,4,4,4,3,2
"V354",2,2,2,2,2,2,2,2,1
"V355",5,5,4,4,4,4,4,3,2
"V356",1,1,1,1,1,1,1,1,1
"V357",10,9,8,7,6,5,1,1,1
"V358",5,5,4,4,4,4,4,3,2
"V359",10,9,8,7,6,5,1,1,1
"V360",3,3,1,1,1,1,1,1,1
"V361",6,6,5,5,5,2,2,2,1
"V362",6,6,5,5,5,2,2,2,1
"V363",6,6,5,5,5,2,2,2,1
"V364",10,9,8,7,6,5,1,1,1
"V365",9,8,7,6,4,4,4,3,2
"V366",9,8,7,6,4,4,4,3,2
"V367",10,9,8,7,6,5,1,1,1
"V368",3,3,1,1,1,1,1,1,1
"V369",10,9,8,7,6,5,1,1,1
"V370",8,7,6,3,3,3,3,3,2
"V371",9,8,7,6,4,4,4,3,2
"V372",8,7,6,3,3,3,3,3,2
"V373",9,8,7,6,4,4,4,3,2
"V374",1,1,1,1,1,1,1,1,1
"V375",1,1,1,1,1,1,1,1,1
"V376",10,9,8,7,6,5,1,1,1
"V377",9,8,7,6,4,4,4,3,2
"V378",5,5,4,4,4,4,4,3,2
"V379",6,6,5,5,5,2,2,2,1
"V380",1,1,1,1,1,1,1,1,1
"V381",7,2,2,2,2,2,2,2,1
"V382",5,5,4,4,4,4,4,3,2
"V383",6,6,5,5,5,2,2,2,1
"V384",5,5,4,4,4,4,4,3,2
"V385",8,7,6,3,3,3,3,3,2
"V386",9,8,7,6,4,4,4,3,2
"V387",4,4,3,3,3,3,3,3,2
"V388",10,9,8,7,6,5,1,1,1
"V389",9,8,7,6,4,4,4,3,2
"V390",5,5,4,4,4,4,4,3,2
"V391",9,8,7,6,4,4,4,3,2
"V392",1,1,1,1,1,1,1,1,1
"V393",5,5,4,4,4,4,4,3,2
"V394",2,2,2,2,2,2,2,2,1
"V395",2,2,2,2,2,2,2,2,1
"V396",5,5,4,4,4,4,4,3,2
"V397",4,4,3,3,3,3,3,3,2
"V398",9,8,7,6,4,4,4,3,2
"V399",7,2,2,2,2,2,2,2,1
"V400",3,3,1,1,1,1,1,1,1
"V401",6,6,5,5,5,2,2,2,1
"V402",8,7,6,3,3,3,3,3,2
"V403",9,8,7,6,4,4,4,3,2
"V404",9,8,7,6,4,4,4,3,2
"V405",10,9,8,7,6,5,1,1,1
"V406",1,1,1,1,1,1,1,1,1
"V407",8,7,6,3,3,3,3,3,2
"V408",6,6,5,5,5,2,2,2,1
"V409",9,8,7,6,4,4,4,3,2
"V410",10,9,8,7,6,5,1,1,1
"V411",4,4,3,3,3,3,3,3,2
"V412",10,9,8,7,6,5,1,1,1
"V413",3,3,1,1,1,1,1,1,1
"V414",5,5,4,4,4,4,4,3,2
"V415",6,6,5,5,5,2,2,2,1
"V416",6,6,5,5,5,2,2,2,1
"V417",6,6,5,5,5,2,2,2,1
"V418",5,5,4,4,4,4,4,3,2
"V419",10,9,8,7,6,5,1,1,1
"V420",1,1,1,1,1,1,1,1,1
"V421",9,8,7,6,4,4,4,3,2
"V422",1,1,1,1,1,1,1,1,1
"V423",1,1,1,1,1,1,1,1,1
"V424",5,5,4,4,4,4,4,3,2
"V425",8,7,6,3,3,3,3,3,2
"V426",8,7,6,3,3,3,3,3,2
"V427",10,9,8,7,6,5,1,1,1
"V428",5,5,4,4,4,4,4,3,2
"V429",1,1,1,1,1,1,1,1,1
"V430",10,9,8,7,6,5,1,1,1
"V431",9,8,7,6,4,4,4,3,2
"V432",2,2,2,2,2,2,2,2,1
"V433",3,3,1,1,1,1,1,1,1
"V434",9,8,7,6,4,4,4,3,2
"V435",10,9,8,7,6,5,1,1,1
"V436",6,6,5,5,5,2,2,2,1
"V437",9,8,7,6,4,4,4,3,2
"V438",6,6,5,5,5,2,2,2,1
"V439",9,8,7,6,4,4,4,3,2
"V440",5,5,4,4,4,4,4,3,2
"V441",10,9,8,7,6,5,1,1,1
"V442",10,9,8,7,6,5,1,1,1
"V443",2,2,2,2,2,2,2,2,1
"V444",9,8,7,6,4,4,4,3,2
"V445",10,9,8,7,6,5,1,1,1
"V446",8,7,6,3,3,3,3,3,2
"V447",8,7,6,3,3,3,3,3,2
"V448",4,4,3,3,3,3,3,3,2
"V449",8,7,6,3,3,3,3,3,2
"V450",8,7,6,3,3,3,3,3,2
"V451",7,2,2,2,2,2,2,2,1
"V452",9,8,7,6,4,4,4,3,2
"V453",5,5,4,4,4,4,4,3,2
"V454",1,1,1,1,1,1,1,1,1
"V455",10,9,8,7,6,5,1,1,1
"V456",3,3,1,1,1,1,1,1,1
"V457",9,8,7,6,4,4,4,3,2
"V458",4,4,3,3,3,3,3,3,2
"V459",8,7,6,3,3,3,3,3,2
"V460",9,8,7,6,4,4,4,3,2
"V461",10,9,8,7,6,5,1,1,1
"V462",1,1,1,1,1,1,1,1,1
"V463",10,9,8,7,6,5,1,1,1
"V464",4,4,3,3,3,3,3,3,2
"V465",8,7,6,3,3,3,3,3,2
"V466",7,2,2,2,2,2,2,2,1
"V467",9,8,7,6,4,4,4,3,2
"V468",1,1,1,1,1,1,1,1,1
"V469",10,9,8,7,6,5,1,1,1
"V470",1,1,1,1,1,1,1,1,1
"V471",9,8,7,6,4,4,4,3,2
"V472",1,1,1,1,1,1,1,1,1
"V473",7,2,2,2,2,2,2,2,1
"V474",5,5,4,4,4,4,4,3,2
"V475",5,5,4,4,4,4,4,3,2
"V476",10,9,8,7,6,5,1,1,1
"V477",9,8,7,6,4,4,4,3,2
"V478",5,5,4,4,4,4,4,3,2
"V479",2,2,2,2,2,2,2,2,1
"V480",6,6,5,5,5,2,2,2,1
"V481",9,8,7,6,4,4,4,3,2
"V482",10,9,8,7,6,5,1,1,1
"V483",10,9,8,7,6,5,1,1,1
"V484",10,9,8,7,6,5,1,1,1
"V485",10,9,8,7,6,5,1,1,1
"V486",1,1,1,1,1,1,1,1,1
"V487",1,1,1,1,1,1,1,1,1
"V488",5,5,4,4,4,4,4,3,2
"V489",4,4,3,3,3,3,3,3,2
"V490",9,8,7,6,4,4,4,3,2
"V491",10,9,8,7,6,5,1,1,1
"V492",10,9,8,7,6,5,1,1,1
"V493",8,7,6,3,3,3,3,3,2
"V494",1,1,1,1,1,1,1,1,1
"V495",10,9,8,7,6,5,1,1,1
"V496",7,2,2,2,2,2,2,2,1
"V497",10,9,8,7,6,5,1,1,1
"V498",1,1,1,1,1,1,1,1,1
"V499",10,9,8,7,6,5,1,1,1
"V500",5,5,4,4,4,4,4,3,2
"V501",4,4,3,3,3,3,3,3,2
"V502",4,4,3,3,3,3,3,3,2
"V503",5,5,4,4,4,4,4,3,2
"V504",10,9,8,7,6,5,1,1,1
"V505",3,3,1,1,1,1,1,1,1
"V506",8,7,6,3,3,3,3,3,2
"V507",8,7,6,3,3,3,3,3,2
"V508",5,5,4,4,4,4,4,3,2
"V509",4,4,3,3,3,3,3,3,2
"V510",3,3,1,1,1,1,1,1,1
"V511",9,8,7,6,4,4,4,3,2
"V512",5,5,4,4,4,4,4,3,2
"V513",3,3,1,1,1,1,1,1,1
"V514",7,2,2,2,2,2,2,2,1
"V515",7,2,2,2,2,2,2,2,1
"V516",3,3,1,1,1,1,1,1,1
"V517",4,4,3,3,3,3,3,3,2
"V518",7,2,2,2,2,2,2,2,1
"V519",3,3,1,1,1,1,1,1,1
"V520",6,6,5,5,5,2,2,2,1
"V521",7,2,2,2,2,2,2,2,1
"V522",9,8,7,6,4,4,4,3,2
"V523",4,4,3,3,3,3,3,3,2
"V524",9,8,7,6,4,4,4,3,2
"V525",10,9,8,7,6,5,1,1,1
"V526",4,4,3,3,3,3,3,3,2
"V527",10,9,8,7,6,5,1,1,1
"V528",9,8,7,6,4,4,4,3,2
"V529",9,8,7,6,4,4,4,3,2
"V530",8,7,6,3,3,3,3,3,2
"V531",1,1,1,1,1,1,1,1,1
"V532",9,8,7,6,4,4,4,3,2
"V533",3,3,1,1,1,1,1,1,1
"V534",2,2,2,2,2,2,2,2,1
"V535",10,9,8,7,6,5,1,1,1
"V536",7,2,2,2,2,2,2,2,1
"V537",10,9,8,7,6,5,1,1,1
"V538",8,7,6,3,3,3,3,3,2
"V539",5,5,4,4,4,4,4,3,2
"V540",9,8,7,6,4,4,4,3,2
"V541",4,4,3,3,3,3,3,3,2
"V542",9,8,7,6,4,4,4,3,2
"V543",1,1,1,1,1,1,1,1,1
"V544",6,6,5,5,5,2,2,2,1
"V545",4,4,3,3,3,3,3,3,2
"V546",6,6,5,5,5,2,2,2,1
"V547",5,5,4,4,4,4,4,3,2
"V548",5,5,4,4,4,4,4,3,2
"V549",3,3,1,1,1,1,1,1,1
"V550",9,8,7,6,4,4,4,3,2
"V551",6,6,5,5,5,2,2,2,1
"V552",4,4,3,3,3,3,3,3,2
"V553",5,5,4,4,4,4,4,3,2
"V554",1,1,1,1,1,1,1,1,1
"V555",1,1,1,1,1,1,1,1,1
"V556",10,9,8,7,6,5,1,1,1
"V557",10,9,8,7,6,5,1,1,1
"V558",7,2,2,2,2,2,2,2,1
"V559",10,9,8,7,6,5,1,1,1
"V560",4,4,3,3,3,3,3,3,2
"V561",10,9,8,7,6,5,1,1,1
"V562",3,3,1,1,1,1,1,1,1
"V563",8,7,6,3,3,3,3,3,2
"V564",5,5,4,4,4,4,4,3,2
"V565",6,6,5,5,5,2,2,2,1
"V566",3,3,1,1,1,1,1,1,1
"V567",7,2,2,2,2,2,2,2,1
"V568",5,5,4,4,4,4,4,3,2
"V569",4,4,3,3,3,3,3,3,2
"V570",1,1,1,1,1,1,1,1,1
"V571",9,8,7,6,4,4,4,3,2
"V572",6,6,5,5,5,2,2,2,1
"V573",6,6,5,5,5,2,2,2,1
"V574",10,9,8,7,6,5,1,1,1
"V575",1,1,1,1,1,1,1,1,1
"V576",8,7,6,3,3,3,3,3,2
"V577",5,5,4,4,4,4,4,3,2
"V578",3,3,1,1,1,1,1,1,1
"V579",8,7,6,3,3,3,3,3,2
"V580",4,4,3,3,3,3,3,3,2
"V581",9,8,7,6,4,4,4,3,2
"V582",4,4,3,3,3,3,3,3,2
"V583",1,1,1,1,1,1,1,1,1
"V584",10,9,8,7,6,5,1,1,1
"V585",9,8,7,6,4,4,4,3,2
"V586",4,4,3,3,3,3,3,3,2
"V587",5,5,4,4,4,4,4,3,2
"V588",3,3,1,1,1,1,1,1,1
"V589",10,9,8,7,6,5,1,1,1
"V590",10,9,8,7,6,5,1,1,1
"V591",8,7,6,3,3,3,3,3,2
"V592",6,6,5,5,5,2,2,2,1
"V593",6,6,5,5,5,2,2,2,1
"V594",9,8,7,6,4,4,4,3,2
"V595",4,4,3,3,3,3,3,3,2
"V596",1,1,1,1,1,1,1,1,1
"V597",10,9,8,7,6,5,1,1,1
"V598",3,3,1,1,1,1,1,1,1
"V599",1,1,1,1,1,1,1,1,1
"V600",10,9,8,7,6,5,1,1,1
"V601",2,2,2,2,2,2,2,2,1
"V602",1,1,1,1,1,1,1,1,1
"V603",9,8,7,6,4,4,4,3,2
"V604",5,5,4,4,4,4,4,3,2
"V605",6,6,5,5,5,2,2,2,1
"V606",7,2,2,2,2,2,2,2,1
"V607",10,9,8,7,6,5,1,1,1
"V608",8,7,6,3,3,3,3,3,2
"V609",5,5,4,4,4,4,4,3,2
"V610",9,8,7,6,4,4,4,3,2
"V611",7,2,2,2,2,2,2,2,1
"V612",10,9,8,7,6,5,1,1,1
"V613",5,5,4,4,4,4,4,3,2
"V614",8,7,6,3,3,3,3,3,2
"V615",10,9,8,7,6,5,1,1,1
"V616",10,9,8,7,6,5,1,1,1
"V617",5,5,4,4,4,4,4,3,2
"V618",4,4,3,3,3,3,3,3,2
"V619",10,9,8,7,6,5,1,1,1
"V620",4,4,3,3,3,3,3,3,2
"V621",5,5,4,4,4,4,4,3,2
"V622",10,9,8,7,6,5,1,1,1
"V623",5,5,4,4,4,4,4,3,2
"V624",1,1,1,1,1,1,1,1,1
"V625",9,8,7,6,4,4,4,3,2
"V626",10,9,8,7,6,5,1,1,1
"V627",5,5,4,4,4,4,4,3,2
"V628",3,3,1,1,1,1,1,1,1
"V629",10,9,8,7,6,5,1,1,1
"V630",4,4,3,3,3,3,3,3,2
"V631",1,1,1,1,1,1,1,1,1
"V632",10,9,8,7,6,5,1,1,1
"V633",9,8,7,6,4,4,4,3,2
"V634",7,2,2,2,2,2,2,2,1
"V635",6,6,5,5,5,2,2,2,1
"V636",1,1,1,1,1,1,1,1,1
"V637",1,1,1,1,1,1,1,1,1
"V638",2,2,2,2,2,2,2,2,1
"V639",5,5,4,4,4,4,4,3,2
"V640",4,4,3,3,3,3,3,3,2
"V641",6,6,5,5,5,2,2,2,1
"V642",1,1,1,1,1,1,1,1,1
"V643",10,9,8,7,6,5,1,1,1
"V644",10,9,8,7,6,5,1,1,1
"V645",4,4,3,3,3,3,3,3,2
"V646",1,1,1,1,1,1,1,1,1
"V647",10,9,8,7,6,5,1,1,1
"V648",9,8,7,6,4,4,4,3,2
"V649",8,7,6,3,3,3,3,3,2
"V650",10,9,8,7,6,5,1,1,1
"V651",1,1,1,1,1,1,1,1,1
"V652",9,8,7,6,4,4,4,3,2
"V653",8,7,6,3,3,3,3,3,2
"V654",5,5,4,4,4,4,4,3,2
"V655",10,9,8,7,6,5,1,1,1
"V656",8,7,6,3,3,3,3,3,2
"V657",6,6,5,5,5,2,2,2,1
"V658",10,9,8,7,6,5,1,1,1
"V659",4,4,3,3,3,3,3,3,2
"V660",1,1,1,1,1,1,1,1,1
"V661",1,1,1,1,1,1,1,1,1
"V662",4,4,3,3,3,3,3,3,2
"V663",4,4,3,3,3,3,3,3,2
"V664",10,9,8,7,6,5,1,1,1
"V665",1,1,1,1,1,1,1,1,1
"V666",4,4,3,3,3,3,3,3,2
"V667",5,5,4,4,4,4,4,3,2
"V668",9,8,7,6,4,4,4,3,2
"V669",9,8,7,6,4,4,4,3,2
"V670",10,9,8,7,6,5,1,1,1
"V671",3,3,1,1,1,1,1,1,1
"V672",2,2,2,2,2,2,2,2,1
"V673",10,9,8,7,6,5,1,1,1
"V674",4,4,3,3,3,3,3,3,2
"V675",1,1,1,1,1,1,1,1,1
"V676",4,4,3,3,3,3,3,3,2
"V677",3,3,1,1,1,1,1,1,1
"V678",9,8,7,6,4,4,4,3,2
"V679",4,4,3,3,3,3,3,3,2
"V680",1,1,1,1,1,1,1,1,1
"V681",8,7,6,3,3,3,3,3,2
"V682",2,2,2,2,2,2,2,2,1
"V683",8,7,6,3,3,3,3,3,2
"V684",4,4,3,3,3,3,3,3,2
"V685",8,7,6,3,3,3,3,3,2
"V686",1,1,1,1,1,1,1,1,1
"V687",7,2,2,2,2,2,2,2,1
"V688",9,8,7,6,4,4,4,3,2
"V689",10,9,8,7,6,5,1,1,1
"V690",10,9,8,7,6,5,1,1,1
"V691",10,9,8,7,6,5,1,1,1
"V692",4,4,3,3,3,3,3,3,2
"V693",5,5,4,4,4,4,4,3,2
"V694",5,5,4,4,4,4,4,3,2
"V695",8,7,6,3,3,3,3,3,2
"V696",9,8,7,6,4,4,4,3,2
"V697",10,9,8,7,6,5,1,1,1
"V698",8,7,6,3,3,3,3,3,2
"V699",8,7,6,3,3,3,3,3,2
"V700",10,9,8,7,6,5,1,1,1
"V701",9,8,7,6,4,4,4,3,2
"V702",9,8,7,6,4,4,4,3,2
"V703",5,5,4,4,4,4,4,3,2
"V704",6,6,5,5,5,2,2,2,1
"V705",10,9,8,7,6,5,1,1,1
"V706",10,9,8,7,6,5,1,1,1
"V707",5,5,4,4,4,4,4,3,2
"V708",1,1,1,1,1,1,1,1,1
"V709",9,8,7,6,4,4,4,3,2
"V710",1,1,1,1,1,1,1,1,1
"V711",5,5,4,4,4,4,4,3,2
"V712",9,8,7,6,4,4,4,3,2
"V713",2,2,2,2,2,2,2,2,1
"V714",10,9,8,7,6,5,1,1,1
"V715",9,8,7,6,4,4,4,3,2
"V716",2,2,2,2,2,2,2,2,1
"V717",10,9,8,7,6,5,1,1,1
"V718",5,5,4,4,4,4,4,3,2
"V719",10,9,8,7,6,5,1,1,1
"V720",10,9,8,7,6,5,1,1,1
"V721",5,5,4,4,4,4,4,3,2
"V722",8,7,6,3,3,3,3,3,2
"V723",4,4,3,3,3,3,3,3,2
"V724",6,6,5,5,5,2,2,2,1
"V725",3,3,1,1,1,1,1,1,1
"V726",9,8,7,6,4,4,4,3,2
"V727",5,5,4,4,4,4,4,3,2
"V728",9,8,7,6,4,4,4,3,2
"V729",10,9,8,7,6,5,1,1,1
"V730",9,8,7,6,4,4,4,3,2
"V731",6,6,5,5,5,2,2,2,1
"V732",8,7,6,3,3,3,3,3,2
"V733",3,3,1,1,1,1,1,1,1
"V734",7,2,2,2,2,2,2,2,1
"V735",9,8,7,6,4,4,4,3,2
"V736",5,5,4,4,4,4,4,3,2
"V737",10,9,8,7,6,5,1,1,1
"V738",7,2,2,2,2,2,2,2,1
"V739",10,9,8,7,6,5,1,1,1
"V740",1,1,1,1,1,1,1,1,1
"V741",6,6,5,5,5,2,2,2,1
"V742",5,5,4,4,4,4,4,3,2
"V743",4,4,3,3,3,3,3,3,2
"V744",7,2,2,2,2,2,2,2,1
"V745",8,7,6,3,3,3,3,3,2
"V746",6,6,5,5,5,2,2,2,1
"V747",1,1,1,1,1,1,1,1,1
"V748",10,9,8,7,6,5,1,1,1
"V749",7,2,2,2,2,2,2,2,1
"V750",5,5,4,4,4,4,4,3,2
"V751",4,4,3,3,3,3,3,3,2
"V752",5,5,4,4,4,4,4,3,2
"V753",5,5,4,4,4,4,4,3,2
"V754",7,2,2,2,2,2,2,2,1
"V755",8,7,6,3,3,3,3,3,2
"V756",4,4,3,3,3,3,3,3,2
"V757",6,6,5,5,5,2,2,2,1
"V758",9,8,7,6,4,4,4,3,2
"V759",3,3,1,1,1,1,1,1,1
"V760",9,8,7,6,4,4,4,3,2
"V761",9,8,7,6,4,4,4,3,2
"V762",10,9,8,7,6,5,1,1,1
"V763",9,8,7,6,4,4,4,3,2
"V764",6,6,5,5,5,2,2,2,1
"V765",5,5,4,4,4,4,4,3,2
"V766",10,9,8,7,6,5,1,1,1
"V767",1,1,1,1,1,1,1,1,1
"V768",7,2,2,2,2,2,2,2,1
"V769",1,1,1,1,1,1,1,1,1
"V770",7,2,2,2,2,2,2,2,1
"V771",10,9,8,7,6,5,1,1,1
"V772",8,7,6,3,3,3,3,3,2
"V773",10,9,8,7,6,5,1,1,1
"V774",2,2,2,2,2,2,2,2,1
"V775",8,7,6,3,3,3,3,3,2
"V776",3,3,1,1,1,1,1,1,1
"V777",10,9,8,7,6,5,1,1,1
"V778",9,8,7,6,4,4,4,3,2
"V779",8,7,6,3,3,3,3,3,2
"V780",10,9,8,7,6,5,1,1,1
"V781",9,8,7,6,4,4,4,3,2
"V782",6,6,5,5,5,2,2,2,1
"V783",1,1,1,1,1,1,1,1,1
"V784",9,8,7,6,4,4,4,3,2
"V785",7,2,2,2,2,2,2,2,1
"V786",10,9,8,7,6,5,1,1,1
"V787",7,2,2,2,2,2,2,2,1
"V788",10,9,8,7,6,5,1,1,1
"V789",4,4,3,3,3,3,3,3,2
"V790",4,4,3,3,3,3,3,3,2
"V791",9,8,7,6,4,4,4,3,2
"V792",3,3,1,1,1,1,1,1,1
"V793",9,8,7,6,4,4,4,3,2
"V794",6,6,5,5,5,2,2,2,1
"V795",5,5,4,4,4,4,4,3,2
"V796",10,9,8,7,6,5,1,1,1
"V797",10,9,8,7,6,5,1,1,1
"V798",10,9,8,7,6,5,1,1,1
"V799",1,1,1,1,1,1,1,1,1
"V800",9,8,7,6,4,4,4,3,2
"V801",4,4,3,3,3,3,3,3,2
"V802",4,4,3,3,3,3,3,3,2
"V803",9,8,7,6,4,4,4,3,2
"V804",1,1,1,1,1,1,1,1,1
"V805",1,1,1,1,1,1,1,1,1
"V806",10,9,8,7,6,5,1,1,1
"V807",10,9,8,7,6,5,1,1,1
"V808",3,3,1,1,1,1,1,1,1
"V809",10,9,8,7,6,5,1,1,1
"V810",6,6,5,5,5,2,2,2,1
"V811",1,1,1,1,1,1,1,1,1
"V812",7,2,2,2,2,2,2,2,1
"V813",6,6,5,5,5,2,2,2,1
"V814",3,3,1,1,1,1,1,1,1
"V815",4,4,3,3,3,3,3,3,2
"V816",10,9,8,7,6,5,1,1,1
"V817",1,1,1,1,1,1,1,1,1
"V818",3,3,1,1,1,1,1,1,1
"V819",1,1,1,1,1,1,1,1,1
"V820",10,9,8,7,6,5,1,1,1
"V821",9,8,7,6,4,4,4,3,2
"V822",4,4,3,3,3,3,3,3,2
"V823",10,9,8,7,6,5,1,1,1
"V824",4,4,3,3,3,3,3,3,2
"V825",9,8,7,6,4,4,4,3,2
"V826",10,9,8,7,6,5,1,1,1
"V827",7,2,2,2,2,2,2,2,1
"V828",10,9,8,7,6,5,1,1,1
"V829",6,6,5,5,5,2,2,2,1
"V830",5,5,4,4,4,4,4,3,2
"V831",5,5,4,4,4,4,4,3,2
"V832",4,4,3,3,3,3,3,3,2
"V833",1,1,1,1,1,1,1,1,1
"V834",4,4,3,3,3,3,3,3,2
"V835",4,4,3,3,3,3,3,3,2
"V836",9,8,7,6,4,4,4,3,2
"V837",5,5,4,4,4,4,4,3,2
"V838",9,8,7,6,4,4,4,3,2
"V839",6,6,5,5,5,2,2,2,1
"V840",4,4,3,3,3,3,3,3,2
"V841",8,7,6,3,3,3,3,3,2
"V842",10,9,8,7,6,5,1,1,1
"V843",10,9,8,7,6,5,1,1,1
"V844",10,9,8,7,6,5,1,1,1
"V845",1,1,1,1,1,1,1,1,1
"V846",9,8,7,6,4,4,4,3,2
"V847",5,5,4,4,4,4,4,3,2
"V848",5,5,4,4,4,4,4,3,2
"V849",3,3,1,1,1,1,1,1,1
"V850",3,3,1,1,1,1,1,1,1
"V851",10,9,8,7,6,5,1,1,1
"V852",1,1,1,1,1,1,1,1,1
"V853",10,9,8,7,6,5,1,1,1
"V854",5,5,4,4,4,4,4,3,2
"V855",10,9,8,7,6,5,1,1,1
"V856",5,5,4,4,4,4,4,3,2
"V857",6,6,5,5,5,2,2,2,1
"V858",5,5,4,4,4,4,4,3,2
"V859",6,6,5,5,5,2,2,2,1
"V860",10,9,8,7,6,5,1,1,1
"V861",7,2,2,2,2,2,2,2,1
"V862",2,2,2,2,2,2,2,2,1
"V863",9,8,7,6,4,4,4,3,2
"V864",10,9,8,7,6,5,1,1,1
"V865",5,5,4,4,4,4,4,3,2
"V866",6,6,5,5,5,2,2,2,1
"V867",5,5,4,4,4,4,4,3,2
"V868",1,1,1,1,1,1,1,1,1
"V869",9,8,7,6,4,4,4,3,2
"V870",8,7,6,3,3,3,3,3,2
"V871",5,5,4,4,4,4,4,3,2
"V872",1,1,1,1,1,1,1,1,1
"V873",3,3,1,1,1,1,1,1,1
"V874",10,9,8,7,6,5,1,1,1
"V875",6,6,5,5,5,2,2,2,1
"V876",7,2,2,2,2,2,2,2,1
"V877",5,5,4,4,4,4,4,3,2
"V878",10,9,8,7,6,5,1,1,1
"V879",9,8,7,6,4,4,4,3,2
"V880",3,3,1,1,1,1,1,1,1
"V881",8,7,6,3,3,3,3,3,2
"V882",7,2,2,2,2,2,2,2,1
"V883",3,3,1,1,1,1,1,1,1
"V884",9,8,7,6,4,4,4,3,2
"V885",6,6,5,5,5,2,2,2,1
"V886",9,8,7,6,4,4,4,3,2
"V887",3,3,1,1,1,1,1,1,1
"V888",4,4,3,3,3,3,3,3,2
"V889",5,5,4,4,4,4,4,3,2
"V890",9,8,7,6,4,4,4,3,2
"V891",10,9,8,7,6,5,1,1,1
"V892",9,8,7,6,4,4,4,3,2
"V893",6,6,5,5,5,2,2,2,1
"V894",5,5,4,4,4,4,4,3,2
"V895",6,6,5,5,5,2,2,2,1
"V896",2,2,2,2,2,2,2,2,1
"V897",1,1,1,1,1,1,1,1,1
"V898",4,4,3,3,3,3,3,3,2
"V899",1,1,1,1,1,1,1,1,1
"V900",4,4,3,3,3,3,3,3,2
"V901",9,8,7,6,4,4,4,3,2
"V902",1,1,1,1,1,1,1,1,1
"V903",8,7,6,3,3,3,3,3,2
"V904",9,8,7,6,4,4,4,3,2
"V905",10,9,8,7,6,5,1,1,1
"V906",7,2,2,2,2,2,2,2,1
"V907",10,9,8,7,6,5,1,1,1
"V908",10,9,8,7,6,5,1,1,1
"V909",1,1,1,1,1,1,1,1,1
"V910",5,5,4,4,4,4,4,3,2
"V911",5,5,4,4,4,4,4,3,2
"V912",5,5,4,4,4,4,4,3,2
"V913",3,3,1,1,1,1,1,1,1
"V914",8,7,6,3,3,3,3,3,2
"V915",5,5,4,4,4,4,4,3,2
"V916",1,1,1,1,1,1,1,1,1
"V917",2,2,2,2,2,2,2,2,1
"V918",10,9,8,7,6,5,1,1,1
"V919",9,8,7,6,4,4,4,3,2
"V920",10,9,8,7,6,5,1,1,1
"V921",9,8,7,6,4,4,4,3,2
"V922",10,9,8,7,6,5,1,1,1
"V923",5,5,4,4,4,4,4,3,2
"V924",10,9,8,7,6,5,1,1,1
"V925",5,5,4,4,4,4,4,3,2
"V926",10,9,8,7,6,5,1,1,1
"V927",1,1,1,1,1,1,1,1,1
"V928",10,9,8,7,6,5,1,1,1
"V929",7,2,2,2,2,2,2,2,1
"V930",7,2,2,2,2,2,2,2,1
"V931",10,9,8,7,6,5,1,1,1
"V932",10,9,8,7,6,5,1,1,1
"V933",8,7,6,3,3,3,3,3,2
"V934",4,4,3,3,3,3,3,3,2
"V935",3,3,1,1,1,1,1,1,1
"V936",1,1,1,1,1,1,1,1,1
"V937",7,2,2,2,2,2,2,2,1
"V938",5,5,4,4,4,4,4,3,2
"V939",5,5,4,4,4,4,4,3,2
"V940",1,1,1,1,1,1,1,1,1
"V941",1,1,1,1,1,1,1,1,1
"V942",10,9,8,7,6,5,1,1,1
"V943",6,6,5,5,5,2,2,2,1
"V944",5,5,4,4,4,4,4,3,2
"V945",10,9,8,7,6,5,1,1,1
"V946",9,8,7,6,4,4,4,3,2
"V947",9,8,7,6,4,4,4,3,2
"V948",8,7,6,3,3,3,3,3,2
"V949",6,6,5,5,5,2,2,2,1
"V950",6,6,5,5,5,2,2,2,1
"V951",9,8,7,6,4,4,4,3,2
"V952",9,8,7,6,4,4,4,3,2
"V953",9,8,7,6,4,4,4,3,2
"V954",9,8,7,6,4,4,4,3,2
"V955",10,9,8,7,6,5,1,1,1
"V956",9,8,7,6,4,4,4,3,2
"V957",10,9,8,7,6,5,1,1,1
"V958",10,9,8,7,6,5,1,1,1
"V959",6,6,5,5,5,2,2,2,1
"V960",1,1,1,1,1,1,1,1,1
"V961",8,7,6,3,3,3,3,3,2
"V962",5,5,4,4,4,4,4,3,2
"V963",10,9,8,7,6,5,1,1,1
"V964",1,1,1,1,1,1,1,1,1
"V965",10,9,8,7,6,5,1,1,1
"V966",6,6,5,5,5,2,2,2,1
"V967",6,6,5,5,5,2,2,2,1
"V968",8,7,6,3,3,3,3,3,2
"V969",8,7,6,3,3,3,3,3,2
"V970",5,5,4,4,4,4,4,3,2
"V971",8,7,6,3,3,3,3,3,2
"V972",1,1,1,1,1,1,1,1,1
"V973",10,9,8,7,6,5,1,1,1
"V974",8,7,6,3,3,3,3,3,2
"V975",3,3,1,1,1,1,1,1,1
"V976",7,2,2,2,2,2,2,2,1
"V977",10,9,8,7,6,5,1,1,1
"V978",9,8,7,6,4,4,4,3,2
"V979",2,2,2,2,2,2,2,2,1
"V980",6,6,5,5,5,2,2,2,1
"V981",6,6,5,5,5,2,2,2,1
"V982",9,8,7,6,4,4,4,3,2
"V983",10,9,8,7,6,5,1,1,1
"V984",10,9,8,7,6,5,1,1,1
"V985",6,6,5,5,5,2,2,2,1
"V986",9,8,7,6,4,4,4,3,2
"V987",6,6,5,5,5,2,2,2,1
"V988",8,7,6,3,3,3,3,3,2
"V989",4,4,3,3,3,3,3,3,2
"V990",4,4,3,3,3,3,3,3,2
"V991",3,3,1,1,1,1,1,1,1
"V992",1,1,1,1,1,1,1,1,1
"V993",3,3,1,1,1,1,1,1,1
"V994",5,5,4,4,4,4,4,3,2
"V995",9,8,7,6,4,4,4,3,2
"V996",4,4,3,3,3,3,3,3,2
"V997",5,5,4,4,4,4,4,3,2
"V998",3,3,1,1,1,1,1,1,1
"V999",4,4,3,3,3,3,3,3,2
"V1000",10,9,8,7,6,5,1,1,1
