"","Cl_mat","cl_id","cl_id.1","cl_id.2","cl_id.3","cl_id.4","cl_id.5","cl_id.6","cl_id.7"
"V1",9,8,8,7,4,3,3,2,2
"V2",1,1,1,1,1,1,1,1,1
"V3",6,5,5,2,2,2,2,2,2
"V4",4,1,1,1,1,1,1,1,1
"V5",3,3,3,3,3,1,1,1,1
"V6",5,4,4,4,4,3,3,2,2
"V7",3,3,3,3,3,1,1,1,1
"V8",7,6,6,5,5,4,4,3,1
"V9",2,2,2,2,2,2,2,2,2
"V10",5,4,4,4,4,3,3,2,2
"V11",8,7,7,6,6,5,4,3,1
"V12",4,1,1,1,1,1,1,1,1
"V13",5,4,4,4,4,3,3,2,2
"V14",10,9,6,5,5,4,4,3,1
"V15",2,2,2,2,2,2,2,2,2
"V16",7,6,6,5,5,4,4,3,1
"V17",6,5,5,2,2,2,2,2,2
"V18",10,9,6,5,5,4,4,3,1
"V19",8,7,7,6,6,5,4,3,1
"V20",10,9,6,5,5,4,4,3,1
"V21",6,5,5,2,2,2,2,2,2
"V22",9,8,8,7,4,3,3,2,2
"V23",4,1,1,1,1,1,1,1,1
"V24",7,6,6,5,5,4,4,3,1
"V25",7,6,6,5,5,4,4,3,1
"V26",2,2,2,2,2,2,2,2,2
"V27",4,1,1,1,1,1,1,1,1
"V28",2,2,2,2,2,2,2,2,2
"V29",8,7,7,6,6,5,4,3,1
"V30",8,7,7,6,6,5,4,3,1
"V31",1,1,1,1,1,1,1,1,1
"V32",2,2,2,2,2,2,2,2,2
"V33",10,9,6,5,5,4,4,3,1
"V34",8,7,7,6,6,5,4,3,1
"V35",5,4,4,4,4,3,3,2,2
"V36",9,8,8,7,4,3,3,2,2
"V37",5,4,4,4,4,3,3,2,2
"V38",6,5,5,2,2,2,2,2,2
"V39",3,3,3,3,3,1,1,1,1
"V40",8,7,7,6,6,5,4,3,1
"V41",5,4,4,4,4,3,3,2,2
"V42",8,7,7,6,6,5,4,3,1
"V43",5,4,4,4,4,3,3,2,2
"V44",8,7,7,6,6,5,4,3,1
"V45",7,6,6,5,5,4,4,3,1
"V46",7,6,6,5,5,4,4,3,1
"V47",2,2,2,2,2,2,2,2,2
"V48",10,9,6,5,5,4,4,3,1
"V49",8,7,7,6,6,5,4,3,1
"V50",6,5,5,2,2,2,2,2,2
"V51",9,8,8,7,4,3,3,2,2
"V52",7,6,6,5,5,4,4,3,1
"V53",9,8,8,7,4,3,3,2,2
"V54",5,4,4,4,4,3,3,2,2
"V55",8,7,7,6,6,5,4,3,1
"V56",4,1,1,1,1,1,1,1,1
"V57",8,7,7,6,6,5,4,3,1
"V58",10,9,6,5,5,4,4,3,1
"V59",5,4,4,4,4,3,3,2,2
"V60",10,9,6,5,5,4,4,3,1
"V61",8,7,7,6,6,5,4,3,1
"V62",9,8,8,7,4,3,3,2,2
"V63",10,9,6,5,5,4,4,3,1
"V64",8,7,7,6,6,5,4,3,1
"V65",1,1,1,1,1,1,1,1,1
"V66",10,9,6,5,5,4,4,3,1
"V67",8,7,7,6,6,5,4,3,1
"V68",5,4,4,4,4,3,3,2,2
"V69",8,7,7,6,6,5,4,3,1
"V70",7,6,6,5,5,4,4,3,1
"V71",3,3,3,3,3,1,1,1,1
"V72",8,7,7,6,6,5,4,3,1
"V73",8,7,7,6,6,5,4,3,1
"V74",10,9,6,5,5,4,4,3,1
"V75",8,7,7,6,6,5,4,3,1
"V76",5,4,4,4,4,3,3,2,2
"V77",9,8,8,7,4,3,3,2,2
"V78",8,7,7,6,6,5,4,3,1
"V79",5,4,4,4,4,3,3,2,2
"V80",5,4,4,4,4,3,3,2,2
"V81",5,4,4,4,4,3,3,2,2
"V82",5,4,4,4,4,3,3,2,2
"V83",5,4,4,4,4,3,3,2,2
"V84",9,8,8,7,4,3,3,2,2
"V85",9,8,8,7,4,3,3,2,2
"V86",5,4,4,4,4,3,3,2,2
"V87",7,6,6,5,5,4,4,3,1
"V88",10,9,6,5,5,4,4,3,1
"V89",3,3,3,3,3,1,1,1,1
"V90",3,3,3,3,3,1,1,1,1
"V91",10,9,6,5,5,4,4,3,1
"V92",5,4,4,4,4,3,3,2,2
"V93",7,6,6,5,5,4,4,3,1
"V94",5,4,4,4,4,3,3,2,2
"V95",5,4,4,4,4,3,3,2,2
"V96",9,8,8,7,4,3,3,2,2
"V97",6,5,5,2,2,2,2,2,2
"V98",9,8,8,7,4,3,3,2,2
"V99",2,2,2,2,2,2,2,2,2
"V100",5,4,4,4,4,3,3,2,2
"V101",6,5,5,2,2,2,2,2,2
"V102",5,4,4,4,4,3,3,2,2
"V103",5,4,4,4,4,3,3,2,2
"V104",10,9,6,5,5,4,4,3,1
"V105",10,9,6,5,5,4,4,3,1
"V106",9,8,8,7,4,3,3,2,2
"V107",8,7,7,6,6,5,4,3,1
"V108",6,5,5,2,2,2,2,2,2
"V109",8,7,7,6,6,5,4,3,1
"V110",2,2,2,2,2,2,2,2,2
"V111",9,8,8,7,4,3,3,2,2
"V112",9,8,8,7,4,3,3,2,2
"V113",1,1,1,1,1,1,1,1,1
"V114",6,5,5,2,2,2,2,2,2
"V115",2,2,2,2,2,2,2,2,2
"V116",6,5,5,2,2,2,2,2,2
"V117",2,2,2,2,2,2,2,2,2
"V118",2,2,2,2,2,2,2,2,2
"V119",5,4,4,4,4,3,3,2,2
"V120",9,8,8,7,4,3,3,2,2
"V121",3,3,3,3,3,1,1,1,1
"V122",5,4,4,4,4,3,3,2,2
"V123",6,5,5,2,2,2,2,2,2
"V124",5,4,4,4,4,3,3,2,2
"V125",6,5,5,2,2,2,2,2,2
"V126",4,1,1,1,1,1,1,1,1
"V127",1,1,1,1,1,1,1,1,1
"V128",5,4,4,4,4,3,3,2,2
"V129",8,7,7,6,6,5,4,3,1
"V130",10,9,6,5,5,4,4,3,1
"V131",10,9,6,5,5,4,4,3,1
"V132",2,2,2,2,2,2,2,2,2
"V133",6,5,5,2,2,2,2,2,2
"V134",8,7,7,6,6,5,4,3,1
"V135",7,6,6,5,5,4,4,3,1
"V136",7,6,6,5,5,4,4,3,1
"V137",7,6,6,5,5,4,4,3,1
"V138",2,2,2,2,2,2,2,2,2
"V139",7,6,6,5,5,4,4,3,1
"V140",5,4,4,4,4,3,3,2,2
"V141",5,4,4,4,4,3,3,2,2
"V142",8,7,7,6,6,5,4,3,1
"V143",1,1,1,1,1,1,1,1,1
"V144",7,6,6,5,5,4,4,3,1
"V145",6,5,5,2,2,2,2,2,2
"V146",8,7,7,6,6,5,4,3,1
"V147",8,7,7,6,6,5,4,3,1
"V148",7,6,6,5,5,4,4,3,1
"V149",9,8,8,7,4,3,3,2,2
"V150",5,4,4,4,4,3,3,2,2
"V151",9,8,8,7,4,3,3,2,2
"V152",5,4,4,4,4,3,3,2,2
"V153",8,7,7,6,6,5,4,3,1
"V154",10,9,6,5,5,4,4,3,1
"V155",8,7,7,6,6,5,4,3,1
"V156",3,3,3,3,3,1,1,1,1
"V157",8,7,7,6,6,5,4,3,1
"V158",9,8,8,7,4,3,3,2,2
"V159",10,9,6,5,5,4,4,3,1
"V160",9,8,8,7,4,3,3,2,2
"V161",1,1,1,1,1,1,1,1,1
"V162",5,4,4,4,4,3,3,2,2
"V163",10,9,6,5,5,4,4,3,1
"V164",9,8,8,7,4,3,3,2,2
"V165",5,4,4,4,4,3,3,2,2
"V166",6,5,5,2,2,2,2,2,2
"V167",3,3,3,3,3,1,1,1,1
"V168",5,4,4,4,4,3,3,2,2
"V169",3,3,3,3,3,1,1,1,1
"V170",9,8,8,7,4,3,3,2,2
"V171",8,7,7,6,6,5,4,3,1
"V172",6,5,5,2,2,2,2,2,2
"V173",2,2,2,2,2,2,2,2,2
"V174",6,5,5,2,2,2,2,2,2
"V175",3,3,3,3,3,1,1,1,1
"V176",2,2,2,2,2,2,2,2,2
"V177",9,8,8,7,4,3,3,2,2
"V178",8,7,7,6,6,5,4,3,1
"V179",5,4,4,4,4,3,3,2,2
"V180",5,4,4,4,4,3,3,2,2
"V181",7,6,6,5,5,4,4,3,1
"V182",5,4,4,4,4,3,3,2,2
"V183",1,1,1,1,1,1,1,1,1
"V184",8,7,7,6,6,5,4,3,1
"V185",5,4,4,4,4,3,3,2,2
"V186",6,5,5,2,2,2,2,2,2
"V187",3,3,3,3,3,1,1,1,1
"V188",5,4,4,4,4,3,3,2,2
"V189",10,9,6,5,5,4,4,3,1
"V190",5,4,4,4,4,3,3,2,2
"V191",6,5,5,2,2,2,2,2,2
"V192",5,4,4,4,4,3,3,2,2
"V193",6,5,5,2,2,2,2,2,2
"V194",6,5,5,2,2,2,2,2,2
"V195",1,1,1,1,1,1,1,1,1
"V196",8,7,7,6,6,5,4,3,1
"V197",5,4,4,4,4,3,3,2,2
"V198",4,1,1,1,1,1,1,1,1
"V199",5,4,4,4,4,3,3,2,2
"V200",8,7,7,6,6,5,4,3,1
"V201",3,3,3,3,3,1,1,1,1
"V202",8,7,7,6,6,5,4,3,1
"V203",10,9,6,5,5,4,4,3,1
"V204",9,8,8,7,4,3,3,2,2
"V205",8,7,7,6,6,5,4,3,1
"V206",10,9,6,5,5,4,4,3,1
"V207",3,3,3,3,3,1,1,1,1
"V208",8,7,7,6,6,5,4,3,1
"V209",9,8,8,7,4,3,3,2,2
"V210",5,4,4,4,4,3,3,2,2
"V211",8,7,7,6,6,5,4,3,1
"V212",9,8,8,7,4,3,3,2,2
"V213",5,4,4,4,4,3,3,2,2
"V214",7,6,6,5,5,4,4,3,1
"V215",5,4,4,4,4,3,3,2,2
"V216",9,8,8,7,4,3,3,2,2
"V217",8,7,7,6,6,5,4,3,1
"V218",8,7,7,6,6,5,4,3,1
"V219",5,4,4,4,4,3,3,2,2
"V220",7,6,6,5,5,4,4,3,1
"V221",4,1,1,1,1,1,1,1,1
"V222",8,7,7,6,6,5,4,3,1
"V223",8,7,7,6,6,5,4,3,1
"V224",2,2,2,2,2,2,2,2,2
"V225",5,4,4,4,4,3,3,2,2
"V226",3,3,3,3,3,1,1,1,1
"V227",5,4,4,4,4,3,3,2,2
"V228",5,4,4,4,4,3,3,2,2
"V229",1,1,1,1,1,1,1,1,1
"V230",4,1,1,1,1,1,1,1,1
"V231",8,7,7,6,6,5,4,3,1
"V232",8,7,7,6,6,5,4,3,1
"V233",6,5,5,2,2,2,2,2,2
"V234",5,4,4,4,4,3,3,2,2
"V235",6,5,5,2,2,2,2,2,2
"V236",8,7,7,6,6,5,4,3,1
"V237",9,8,8,7,4,3,3,2,2
"V238",5,4,4,4,4,3,3,2,2
"V239",3,3,3,3,3,1,1,1,1
"V240",5,4,4,4,4,3,3,2,2
"V241",3,3,3,3,3,1,1,1,1
"V242",5,4,4,4,4,3,3,2,2
"V243",10,9,6,5,5,4,4,3,1
"V244",7,6,6,5,5,4,4,3,1
"V245",8,7,7,6,6,5,4,3,1
"V246",6,5,5,2,2,2,2,2,2
"V247",8,7,7,6,6,5,4,3,1
"V248",8,7,7,6,6,5,4,3,1
"V249",5,4,4,4,4,3,3,2,2
"V250",8,7,7,6,6,5,4,3,1
"V251",8,7,7,6,6,5,4,3,1
"V252",5,4,4,4,4,3,3,2,2
"V253",3,3,3,3,3,1,1,1,1
"V254",9,8,8,7,4,3,3,2,2
"V255",8,7,7,6,6,5,4,3,1
"V256",10,9,6,5,5,4,4,3,1
"V257",7,6,6,5,5,4,4,3,1
"V258",8,7,7,6,6,5,4,3,1
"V259",8,7,7,6,6,5,4,3,1
"V260",8,7,7,6,6,5,4,3,1
"V261",9,8,8,7,4,3,3,2,2
"V262",8,7,7,6,6,5,4,3,1
"V263",5,4,4,4,4,3,3,2,2
"V264",5,4,4,4,4,3,3,2,2
"V265",4,1,1,1,1,1,1,1,1
"V266",2,2,2,2,2,2,2,2,2
"V267",5,4,4,4,4,3,3,2,2
"V268",6,5,5,2,2,2,2,2,2
"V269",3,3,3,3,3,1,1,1,1
"V270",5,4,4,4,4,3,3,2,2
"V271",6,5,5,2,2,2,2,2,2
"V272",8,7,7,6,6,5,4,3,1
"V273",4,1,1,1,1,1,1,1,1
"V274",9,8,8,7,4,3,3,2,2
"V275",9,8,8,7,4,3,3,2,2
"V276",5,4,4,4,4,3,3,2,2
"V277",5,4,4,4,4,3,3,2,2
"V278",8,7,7,6,6,5,4,3,1
"V279",9,8,8,7,4,3,3,2,2
"V280",1,1,1,1,1,1,1,1,1
"V281",3,3,3,3,3,1,1,1,1
"V282",8,7,7,6,6,5,4,3,1
"V283",3,3,3,3,3,1,1,1,1
"V284",5,4,4,4,4,3,3,2,2
"V285",5,4,4,4,4,3,3,2,2
"V286",9,8,8,7,4,3,3,2,2
"V287",4,1,1,1,1,1,1,1,1
"V288",9,8,8,7,4,3,3,2,2
"V289",9,8,8,7,4,3,3,2,2
"V290",3,3,3,3,3,1,1,1,1
"V291",7,6,6,5,5,4,4,3,1
"V292",4,1,1,1,1,1,1,1,1
"V293",7,6,6,5,5,4,4,3,1
"V294",2,2,2,2,2,2,2,2,2
"V295",7,6,6,5,5,4,4,3,1
"V296",9,8,8,7,4,3,3,2,2
"V297",4,1,1,1,1,1,1,1,1
"V298",10,9,6,5,5,4,4,3,1
"V299",5,4,4,4,4,3,3,2,2
"V300",5,4,4,4,4,3,3,2,2
"V301",9,8,8,7,4,3,3,2,2
"V302",10,9,6,5,5,4,4,3,1
"V303",4,1,1,1,1,1,1,1,1
"V304",5,4,4,4,4,3,3,2,2
"V305",3,3,3,3,3,1,1,1,1
"V306",8,7,7,6,6,5,4,3,1
"V307",3,3,3,3,3,1,1,1,1
"V308",6,5,5,2,2,2,2,2,2
"V309",5,4,4,4,4,3,3,2,2
"V310",1,1,1,1,1,1,1,1,1
"V311",3,3,3,3,3,1,1,1,1
"V312",8,7,7,6,6,5,4,3,1
"V313",5,4,4,4,4,3,3,2,2
"V314",10,9,6,5,5,4,4,3,1
"V315",6,5,5,2,2,2,2,2,2
"V316",4,1,1,1,1,1,1,1,1
"V317",3,3,3,3,3,1,1,1,1
"V318",10,9,6,5,5,4,4,3,1
"V319",9,8,8,7,4,3,3,2,2
"V320",5,4,4,4,4,3,3,2,2
"V321",2,2,2,2,2,2,2,2,2
"V322",10,9,6,5,5,4,4,3,1
"V323",5,4,4,4,4,3,3,2,2
"V324",3,3,3,3,3,1,1,1,1
"V325",9,8,8,7,4,3,3,2,2
"V326",3,3,3,3,3,1,1,1,1
"V327",4,1,1,1,1,1,1,1,1
"V328",6,5,5,2,2,2,2,2,2
"V329",5,4,4,4,4,3,3,2,2
"V330",3,3,3,3,3,1,1,1,1
"V331",9,8,8,7,4,3,3,2,2
"V332",10,9,6,5,5,4,4,3,1
"V333",8,7,7,6,6,5,4,3,1
"V334",8,7,7,6,6,5,4,3,1
"V335",5,4,4,4,4,3,3,2,2
"V336",1,1,1,1,1,1,1,1,1
"V337",10,9,6,5,5,4,4,3,1
"V338",6,5,5,2,2,2,2,2,2
"V339",3,3,3,3,3,1,1,1,1
"V340",7,6,6,5,5,4,4,3,1
"V341",3,3,3,3,3,1,1,1,1
"V342",2,2,2,2,2,2,2,2,2
"V343",8,7,7,6,6,5,4,3,1
"V344",5,4,4,4,4,3,3,2,2
"V345",4,1,1,1,1,1,1,1,1
"V346",8,7,7,6,6,5,4,3,1
"V347",3,3,3,3,3,1,1,1,1
"V348",8,7,7,6,6,5,4,3,1
"V349",10,9,6,5,5,4,4,3,1
"V350",5,4,4,4,4,3,3,2,2
"V351",2,2,2,2,2,2,2,2,2
"V352",6,5,5,2,2,2,2,2,2
"V353",9,8,8,7,4,3,3,2,2
"V354",1,1,1,1,1,1,1,1,1
"V355",5,4,4,4,4,3,3,2,2
"V356",10,9,6,5,5,4,4,3,1
"V357",8,7,7,6,6,5,4,3,1
"V358",5,4,4,4,4,3,3,2,2
"V359",8,7,7,6,6,5,4,3,1
"V360",7,6,6,5,5,4,4,3,1
"V361",3,3,3,3,3,1,1,1,1
"V362",3,3,3,3,3,1,1,1,1
"V363",3,3,3,3,3,1,1,1,1
"V364",8,7,7,6,6,5,4,3,1
"V365",5,4,4,4,4,3,3,2,2
"V366",9,8,8,7,4,3,3,2,2
"V367",8,7,7,6,6,5,4,3,1
"V368",7,6,6,5,5,4,4,3,1
"V369",8,7,7,6,6,5,4,3,1
"V370",6,5,5,2,2,2,2,2,2
"V371",5,4,4,4,4,3,3,2,2
"V372",6,5,5,2,2,2,2,2,2
"V373",9,8,8,7,4,3,3,2,2
"V374",5,4,4,4,4,3,3,2,2
"V375",10,9,6,5,5,4,4,3,1
"V376",8,7,7,6,6,5,4,3,1
"V377",9,8,8,7,4,3,3,2,2
"V378",5,4,4,4,4,3,3,2,2
"V379",3,3,3,3,3,1,1,1,1
"V380",5,4,4,4,4,3,3,2,2
"V381",4,1,1,1,1,1,1,1,1
"V382",5,4,4,4,4,3,3,2,2
"V383",3,3,3,3,3,1,1,1,1
"V384",5,4,4,4,4,3,3,2,2
"V385",6,5,5,2,2,2,2,2,2
"V386",9,8,8,7,4,3,3,2,2
"V387",9,8,8,7,4,3,3,2,2
"V388",8,7,7,6,6,5,4,3,1
"V389",5,4,4,4,4,3,3,2,2
"V390",5,4,4,4,4,3,3,2,2
"V391",9,8,8,7,4,3,3,2,2
"V392",10,9,6,5,5,4,4,3,1
"V393",5,4,4,4,4,3,3,2,2
"V394",1,1,1,1,1,1,1,1,1
"V395",1,1,1,1,1,1,1,1,1
"V396",5,4,4,4,4,3,3,2,2
"V397",9,8,8,7,4,3,3,2,2
"V398",5,4,4,4,4,3,3,2,2
"V399",4,1,1,1,1,1,1,1,1
"V400",7,6,6,5,5,4,4,3,1
"V401",3,3,3,3,3,1,1,1,1
"V402",6,5,5,2,2,2,2,2,2
"V403",9,8,8,7,4,3,3,2,2
"V404",5,4,4,4,4,3,3,2,2
"V405",8,7,7,6,6,5,4,3,1
"V406",2,2,2,2,2,2,2,2,2
"V407",6,5,5,2,2,2,2,2,2
"V408",3,3,3,3,3,1,1,1,1
"V409",9,8,8,7,4,3,3,2,2
"V410",8,7,7,6,6,5,4,3,1
"V411",9,8,8,7,4,3,3,2,2
"V412",8,7,7,6,6,5,4,3,1
"V413",7,6,6,5,5,4,4,3,1
"V414",5,4,4,4,4,3,3,2,2
"V415",3,3,3,3,3,1,1,1,1
"V416",3,3,3,3,3,1,1,1,1
"V417",3,3,3,3,3,1,1,1,1
"V418",5,4,4,4,4,3,3,2,2
"V419",8,7,7,6,6,5,4,3,1
"V420",10,9,6,5,5,4,4,3,1
"V421",5,4,4,4,4,3,3,2,2
"V422",2,2,2,2,2,2,2,2,2
"V423",10,9,6,5,5,4,4,3,1
"V424",5,4,4,4,4,3,3,2,2
"V425",2,2,2,2,2,2,2,2,2
"V426",6,5,5,2,2,2,2,2,2
"V427",8,7,7,6,6,5,4,3,1
"V428",5,4,4,4,4,3,3,2,2
"V429",10,9,6,5,5,4,4,3,1
"V430",8,7,7,6,6,5,4,3,1
"V431",9,8,8,7,4,3,3,2,2
"V432",1,1,1,1,1,1,1,1,1
"V433",7,6,6,5,5,4,4,3,1
"V434",5,4,4,4,4,3,3,2,2
"V435",8,7,7,6,6,5,4,3,1
"V436",3,3,3,3,3,1,1,1,1
"V437",9,8,8,7,4,3,3,2,2
"V438",3,3,3,3,3,1,1,1,1
"V439",8,7,7,6,6,5,4,3,1
"V440",5,4,4,4,4,3,3,2,2
"V441",8,7,7,6,6,5,4,3,1
"V442",8,7,7,6,6,5,4,3,1
"V443",1,1,1,1,1,1,1,1,1
"V444",5,4,4,4,4,3,3,2,2
"V445",8,7,7,6,6,5,4,3,1
"V446",6,5,5,2,2,2,2,2,2
"V447",6,5,5,2,2,2,2,2,2
"V448",2,2,2,2,2,2,2,2,2
"V449",6,5,5,2,2,2,2,2,2
"V450",6,5,5,2,2,2,2,2,2
"V451",4,1,1,1,1,1,1,1,1
"V452",9,8,8,7,4,3,3,2,2
"V453",5,4,4,4,4,3,3,2,2
"V454",10,9,6,5,5,4,4,3,1
"V455",8,7,7,6,6,5,4,3,1
"V456",7,6,6,5,5,4,4,3,1
"V457",9,8,8,7,4,3,3,2,2
"V458",9,8,8,7,4,3,3,2,2
"V459",6,5,5,2,2,2,2,2,2
"V460",5,4,4,4,4,3,3,2,2
"V461",8,7,7,6,6,5,4,3,1
"V462",10,9,6,5,5,4,4,3,1
"V463",8,7,7,6,6,5,4,3,1
"V464",2,2,2,2,2,2,2,2,2
"V465",6,5,5,2,2,2,2,2,2
"V466",4,1,1,1,1,1,1,1,1
"V467",5,4,4,4,4,3,3,2,2
"V468",10,9,6,5,5,4,4,3,1
"V469",8,7,7,6,6,5,4,3,1
"V470",10,9,6,5,5,4,4,3,1
"V471",2,2,2,2,2,2,2,2,2
"V472",2,2,2,2,2,2,2,2,2
"V473",4,1,1,1,1,1,1,1,1
"V474",5,4,4,4,4,3,3,2,2
"V475",5,4,4,4,4,3,3,2,2
"V476",8,7,7,6,6,5,4,3,1
"V477",5,4,4,4,4,3,3,2,2
"V478",5,4,4,4,4,3,3,2,2
"V479",1,1,1,1,1,1,1,1,1
"V480",3,3,3,3,3,1,1,1,1
"V481",9,8,8,7,4,3,3,2,2
"V482",8,7,7,6,6,5,4,3,1
"V483",8,7,7,6,6,5,4,3,1
"V484",8,7,7,6,6,5,4,3,1
"V485",8,7,7,6,6,5,4,3,1
"V486",10,9,6,5,5,4,4,3,1
"V487",10,9,6,5,5,4,4,3,1
"V488",5,4,4,4,4,3,3,2,2
"V489",2,2,2,2,2,2,2,2,2
"V490",8,7,7,6,6,5,4,3,1
"V491",8,7,7,6,6,5,4,3,1
"V492",8,7,7,6,6,5,4,3,1
"V493",6,5,5,2,2,2,2,2,2
"V494",10,9,6,5,5,4,4,3,1
"V495",8,7,7,6,6,5,4,3,1
"V496",4,1,1,1,1,1,1,1,1
"V497",8,7,7,6,6,5,4,3,1
"V498",10,9,6,5,5,4,4,3,1
"V499",8,7,7,6,6,5,4,3,1
"V500",5,4,4,4,4,3,3,2,2
"V501",9,8,8,7,4,3,3,2,2
"V502",2,2,2,2,2,2,2,2,2
"V503",5,4,4,4,4,3,3,2,2
"V504",8,7,7,6,6,5,4,3,1
"V505",7,6,6,5,5,4,4,3,1
"V506",6,5,5,2,2,2,2,2,2
"V507",6,5,5,2,2,2,2,2,2
"V508",5,4,4,4,4,3,3,2,2
"V509",2,2,2,2,2,2,2,2,2
"V510",7,6,6,5,5,4,4,3,1
"V511",9,8,8,7,4,3,3,2,2
"V512",5,4,4,4,4,3,3,2,2
"V513",7,6,6,5,5,4,4,3,1
"V514",4,1,1,1,1,1,1,1,1
"V515",4,1,1,1,1,1,1,1,1
"V516",10,9,6,5,5,4,4,3,1
"V517",2,2,2,2,2,2,2,2,2
"V518",4,1,1,1,1,1,1,1,1
"V519",7,6,6,5,5,4,4,3,1
"V520",3,3,3,3,3,1,1,1,1
"V521",4,1,1,1,1,1,1,1,1
"V522",9,8,8,7,4,3,3,2,2
"V523",2,2,2,2,2,2,2,2,2
"V524",9,8,8,7,4,3,3,2,2
"V525",8,7,7,6,6,5,4,3,1
"V526",2,2,2,2,2,2,2,2,2
"V527",8,7,7,6,6,5,4,3,1
"V528",9,8,8,7,4,3,3,2,2
"V529",5,4,4,4,4,3,3,2,2
"V530",6,5,5,2,2,2,2,2,2
"V531",10,9,6,5,5,4,4,3,1
"V532",9,8,8,7,4,3,3,2,2
"V533",7,6,6,5,5,4,4,3,1
"V534",1,1,1,1,1,1,1,1,1
"V535",8,7,7,6,6,5,4,3,1
"V536",4,1,1,1,1,1,1,1,1
"V537",8,7,7,6,6,5,4,3,1
"V538",6,5,5,2,2,2,2,2,2
"V539",5,4,4,4,4,3,3,2,2
"V540",9,8,8,7,4,3,3,2,2
"V541",9,8,8,7,4,3,3,2,2
"V542",5,4,4,4,4,3,3,2,2
"V543",8,7,7,6,6,5,4,3,1
"V544",3,3,3,3,3,1,1,1,1
"V545",2,2,2,2,2,2,2,2,2
"V546",3,3,3,3,3,1,1,1,1
"V547",5,4,4,4,4,3,3,2,2
"V548",5,4,4,4,4,3,3,2,2
"V549",7,6,6,5,5,4,4,3,1
"V550",9,8,8,7,4,3,3,2,2
"V551",3,3,3,3,3,1,1,1,1
"V552",9,8,8,7,4,3,3,2,2
"V553",5,4,4,4,4,3,3,2,2
"V554",5,4,4,4,4,3,3,2,2
"V555",10,9,6,5,5,4,4,3,1
"V556",8,7,7,6,6,5,4,3,1
"V557",8,7,7,6,6,5,4,3,1
"V558",4,1,1,1,1,1,1,1,1
"V559",8,7,7,6,6,5,4,3,1
"V560",2,2,2,2,2,2,2,2,2
"V561",8,7,7,6,6,5,4,3,1
"V562",10,9,6,5,5,4,4,3,1
"V563",6,5,5,2,2,2,2,2,2
"V564",5,4,4,4,4,3,3,2,2
"V565",3,3,3,3,3,1,1,1,1
"V566",7,6,6,5,5,4,4,3,1
"V567",4,1,1,1,1,1,1,1,1
"V568",5,4,4,4,4,3,3,2,2
"V569",9,8,8,7,4,3,3,2,2
"V570",10,9,6,5,5,4,4,3,1
"V571",9,8,8,7,4,3,3,2,2
"V572",3,3,3,3,3,1,1,1,1
"V573",3,3,3,3,3,1,1,1,1
"V574",8,7,7,6,6,5,4,3,1
"V575",10,9,6,5,5,4,4,3,1
"V576",6,5,5,2,2,2,2,2,2
"V577",5,4,4,4,4,3,3,2,2
"V578",7,6,6,5,5,4,4,3,1
"V579",6,5,5,2,2,2,2,2,2
"V580",2,2,2,2,2,2,2,2,2
"V581",5,4,4,4,4,3,3,2,2
"V582",2,2,2,2,2,2,2,2,2
"V583",10,9,6,5,5,4,4,3,1
"V584",8,7,7,6,6,5,4,3,1
"V585",9,8,8,7,4,3,3,2,2
"V586",2,2,2,2,2,2,2,2,2
"V587",5,4,4,4,4,3,3,2,2
"V588",7,6,6,5,5,4,4,3,1
"V589",8,7,7,6,6,5,4,3,1
"V590",10,9,6,5,5,4,4,3,1
"V591",6,5,5,2,2,2,2,2,2
"V592",3,3,3,3,3,1,1,1,1
"V593",3,3,3,3,3,1,1,1,1
"V594",9,8,8,7,4,3,3,2,2
"V595",2,2,2,2,2,2,2,2,2
"V596",10,9,6,5,5,4,4,3,1
"V597",8,7,7,6,6,5,4,3,1
"V598",10,9,6,5,5,4,4,3,1
"V599",10,9,6,5,5,4,4,3,1
"V600",8,7,7,6,6,5,4,3,1
"V601",1,1,1,1,1,1,1,1,1
"V602",10,9,6,5,5,4,4,3,1
"V603",9,8,8,7,4,3,3,2,2
"V604",5,4,4,4,4,3,3,2,2
"V605",3,3,3,3,3,1,1,1,1
"V606",4,1,1,1,1,1,1,1,1
"V607",8,7,7,6,6,5,4,3,1
"V608",6,5,5,2,2,2,2,2,2
"V609",5,4,4,4,4,3,3,2,2
"V610",9,8,8,7,4,3,3,2,2
"V611",4,1,1,1,1,1,1,1,1
"V612",8,7,7,6,6,5,4,3,1
"V613",5,4,4,4,4,3,3,2,2
"V614",6,5,5,2,2,2,2,2,2
"V615",8,7,7,6,6,5,4,3,1
"V616",8,7,7,6,6,5,4,3,1
"V617",5,4,4,4,4,3,3,2,2
"V618",9,8,8,7,4,3,3,2,2
"V619",8,7,7,6,6,5,4,3,1
"V620",2,2,2,2,2,2,2,2,2
"V621",5,4,4,4,4,3,3,2,2
"V622",8,7,7,6,6,5,4,3,1
"V623",5,4,4,4,4,3,3,2,2
"V624",10,9,6,5,5,4,4,3,1
"V625",5,4,4,4,4,3,3,2,2
"V626",8,7,7,6,6,5,4,3,1
"V627",5,4,4,4,4,3,3,2,2
"V628",10,9,6,5,5,4,4,3,1
"V629",8,7,7,6,6,5,4,3,1
"V630",2,2,2,2,2,2,2,2,2
"V631",10,9,6,5,5,4,4,3,1
"V632",8,7,7,6,6,5,4,3,1
"V633",5,4,4,4,4,3,3,2,2
"V634",4,1,1,1,1,1,1,1,1
"V635",3,3,3,3,3,1,1,1,1
"V636",10,9,6,5,5,4,4,3,1
"V637",10,9,6,5,5,4,4,3,1
"V638",1,1,1,1,1,1,1,1,1
"V639",5,4,4,4,4,3,3,2,2
"V640",2,2,2,2,2,2,2,2,2
"V641",3,3,3,3,3,1,1,1,1
"V642",10,9,6,5,5,4,4,3,1
"V643",8,7,7,6,6,5,4,3,1
"V644",8,7,7,6,6,5,4,3,1
"V645",2,2,2,2,2,2,2,2,2
"V646",10,9,6,5,5,4,4,3,1
"V647",8,7,7,6,6,5,4,3,1
"V648",9,8,8,7,4,3,3,2,2
"V649",6,5,5,2,2,2,2,2,2
"V650",8,7,7,6,6,5,4,3,1
"V651",10,9,6,5,5,4,4,3,1
"V652",9,8,8,7,4,3,3,2,2
"V653",6,5,5,2,2,2,2,2,2
"V654",5,4,4,4,4,3,3,2,2
"V655",8,7,7,6,6,5,4,3,1
"V656",6,5,5,2,2,2,2,2,2
"V657",3,3,3,3,3,1,1,1,1
"V658",8,7,7,6,6,5,4,3,1
"V659",2,2,2,2,2,2,2,2,2
"V660",10,9,6,5,5,4,4,3,1
"V661",10,9,6,5,5,4,4,3,1
"V662",9,8,8,7,4,3,3,2,2
"V663",9,8,8,7,4,3,3,2,2
"V664",8,7,7,6,6,5,4,3,1
"V665",5,4,4,4,4,3,3,2,2
"V666",2,2,2,2,2,2,2,2,2
"V667",5,4,4,4,4,3,3,2,2
"V668",5,4,4,4,4,3,3,2,2
"V669",9,8,8,7,4,3,3,2,2
"V670",8,7,7,6,6,5,4,3,1
"V671",7,6,6,5,5,4,4,3,1
"V672",1,1,1,1,1,1,1,1,1
"V673",8,7,7,6,6,5,4,3,1
"V674",9,8,8,7,4,3,3,2,2
"V675",10,9,6,5,5,4,4,3,1
"V676",2,2,2,2,2,2,2,2,2
"V677",7,6,6,5,5,4,4,3,1
"V678",9,8,8,7,4,3,3,2,2
"V679",9,8,8,7,4,3,3,2,2
"V680",5,4,4,4,4,3,3,2,2
"V681",6,5,5,2,2,2,2,2,2
"V682",1,1,1,1,1,1,1,1,1
"V683",6,5,5,2,2,2,2,2,2
"V684",2,2,2,2,2,2,2,2,2
"V685",2,2,2,2,2,2,2,2,2
"V686",10,9,6,5,5,4,4,3,1
"V687",4,1,1,1,1,1,1,1,1
"V688",8,7,7,6,6,5,4,3,1
"V689",8,7,7,6,6,5,4,3,1
"V690",8,7,7,6,6,5,4,3,1
"V691",8,7,7,6,6,5,4,3,1
"V692",9,8,8,7,4,3,3,2,2
"V693",5,4,4,4,4,3,3,2,2
"V694",5,4,4,4,4,3,3,2,2
"V695",6,5,5,2,2,2,2,2,2
"V696",8,7,7,6,6,5,4,3,1
"V697",8,7,7,6,6,5,4,3,1
"V698",6,5,5,2,2,2,2,2,2
"V699",6,5,5,2,2,2,2,2,2
"V700",8,7,7,6,6,5,4,3,1
"V701",9,8,8,7,4,3,3,2,2
"V702",9,8,8,7,4,3,3,2,2
"V703",5,4,4,4,4,3,3,2,2
"V704",3,3,3,3,3,1,1,1,1
"V705",8,7,7,6,6,5,4,3,1
"V706",8,7,7,6,6,5,4,3,1
"V707",5,4,4,4,4,3,3,2,2
"V708",10,9,6,5,5,4,4,3,1
"V709",9,8,8,7,4,3,3,2,2
"V710",10,9,6,5,5,4,4,3,1
"V711",5,4,4,4,4,3,3,2,2
"V712",2,2,2,2,2,2,2,2,2
"V713",1,1,1,1,1,1,1,1,1
"V714",8,7,7,6,6,5,4,3,1
"V715",5,4,4,4,4,3,3,2,2
"V716",1,1,1,1,1,1,1,1,1
"V717",8,7,7,6,6,5,4,3,1
"V718",5,4,4,4,4,3,3,2,2
"V719",8,7,7,6,6,5,4,3,1
"V720",8,7,7,6,6,5,4,3,1
"V721",5,4,4,4,4,3,3,2,2
"V722",6,5,5,2,2,2,2,2,2
"V723",9,8,8,7,4,3,3,2,2
"V724",3,3,3,3,3,1,1,1,1
"V725",7,6,6,5,5,4,4,3,1
"V726",5,4,4,4,4,3,3,2,2
"V727",5,4,4,4,4,3,3,2,2
"V728",5,4,4,4,4,3,3,2,2
"V729",8,7,7,6,6,5,4,3,1
"V730",9,8,8,7,4,3,3,2,2
"V731",3,3,3,3,3,1,1,1,1
"V732",6,5,5,2,2,2,2,2,2
"V733",7,6,6,5,5,4,4,3,1
"V734",4,1,1,1,1,1,1,1,1
"V735",9,8,8,7,4,3,3,2,2
"V736",5,4,4,4,4,3,3,2,2
"V737",8,7,7,6,6,5,4,3,1
"V738",4,1,1,1,1,1,1,1,1
"V739",8,7,7,6,6,5,4,3,1
"V740",2,2,2,2,2,2,2,2,2
"V741",3,3,3,3,3,1,1,1,1
"V742",5,4,4,4,4,3,3,2,2
"V743",2,2,2,2,2,2,2,2,2
"V744",4,1,1,1,1,1,1,1,1
"V745",2,2,2,2,2,2,2,2,2
"V746",3,3,3,3,3,1,1,1,1
"V747",5,4,4,4,4,3,3,2,2
"V748",8,7,7,6,6,5,4,3,1
"V749",4,1,1,1,1,1,1,1,1
"V750",5,4,4,4,4,3,3,2,2
"V751",9,8,8,7,4,3,3,2,2
"V752",5,4,4,4,4,3,3,2,2
"V753",5,4,4,4,4,3,3,2,2
"V754",4,1,1,1,1,1,1,1,1
"V755",8,7,7,6,6,5,4,3,1
"V756",2,2,2,2,2,2,2,2,2
"V757",3,3,3,3,3,1,1,1,1
"V758",2,2,2,2,2,2,2,2,2
"V759",7,6,6,5,5,4,4,3,1
"V760",9,8,8,7,4,3,3,2,2
"V761",5,4,4,4,4,3,3,2,2
"V762",8,7,7,6,6,5,4,3,1
"V763",9,8,8,7,4,3,3,2,2
"V764",3,3,3,3,3,1,1,1,1
"V765",5,4,4,4,4,3,3,2,2
"V766",8,7,7,6,6,5,4,3,1
"V767",10,9,6,5,5,4,4,3,1
"V768",4,1,1,1,1,1,1,1,1
"V769",10,9,6,5,5,4,4,3,1
"V770",4,1,1,1,1,1,1,1,1
"V771",8,7,7,6,6,5,4,3,1
"V772",6,5,5,2,2,2,2,2,2
"V773",8,7,7,6,6,5,4,3,1
"V774",1,1,1,1,1,1,1,1,1
"V775",6,5,5,2,2,2,2,2,2
"V776",7,6,6,5,5,4,4,3,1
"V777",8,7,7,6,6,5,4,3,1
"V778",2,2,2,2,2,2,2,2,2
"V779",6,5,5,2,2,2,2,2,2
"V780",8,7,7,6,6,5,4,3,1
"V781",9,8,8,7,4,3,3,2,2
"V782",3,3,3,3,3,1,1,1,1
"V783",10,9,6,5,5,4,4,3,1
"V784",9,8,8,7,4,3,3,2,2
"V785",4,1,1,1,1,1,1,1,1
"V786",8,7,7,6,6,5,4,3,1
"V787",4,1,1,1,1,1,1,1,1
"V788",8,7,7,6,6,5,4,3,1
"V789",9,8,8,7,4,3,3,2,2
"V790",2,2,2,2,2,2,2,2,2
"V791",9,8,8,7,4,3,3,2,2
"V792",10,9,6,5,5,4,4,3,1
"V793",5,4,4,4,4,3,3,2,2
"V794",3,3,3,3,3,1,1,1,1
"V795",5,4,4,4,4,3,3,2,2
"V796",8,7,7,6,6,5,4,3,1
"V797",8,7,7,6,6,5,4,3,1
"V798",8,7,7,6,6,5,4,3,1
"V799",2,2,2,2,2,2,2,2,2
"V800",5,4,4,4,4,3,3,2,2
"V801",2,2,2,2,2,2,2,2,2
"V802",2,2,2,2,2,2,2,2,2
"V803",9,8,8,7,4,3,3,2,2
"V804",10,9,6,5,5,4,4,3,1
"V805",10,9,6,5,5,4,4,3,1
"V806",8,7,7,6,6,5,4,3,1
"V807",8,7,7,6,6,5,4,3,1
"V808",10,9,6,5,5,4,4,3,1
"V809",8,7,7,6,6,5,4,3,1
"V810",3,3,3,3,3,1,1,1,1
"V811",2,2,2,2,2,2,2,2,2
"V812",4,1,1,1,1,1,1,1,1
"V813",3,3,3,3,3,1,1,1,1
"V814",10,9,6,5,5,4,4,3,1
"V815",2,2,2,2,2,2,2,2,2
"V816",8,7,7,6,6,5,4,3,1
"V817",2,2,2,2,2,2,2,2,2
"V818",7,6,6,5,5,4,4,3,1
"V819",5,4,4,4,4,3,3,2,2
"V820",8,7,7,6,6,5,4,3,1
"V821",5,4,4,4,4,3,3,2,2
"V822",2,2,2,2,2,2,2,2,2
"V823",8,7,7,6,6,5,4,3,1
"V824",9,8,8,7,4,3,3,2,2
"V825",9,8,8,7,4,3,3,2,2
"V826",8,7,7,6,6,5,4,3,1
"V827",4,1,1,1,1,1,1,1,1
"V828",8,7,7,6,6,5,4,3,1
"V829",3,3,3,3,3,1,1,1,1
"V830",5,4,4,4,4,3,3,2,2
"V831",5,4,4,4,4,3,3,2,2
"V832",9,8,8,7,4,3,3,2,2
"V833",5,4,4,4,4,3,3,2,2
"V834",9,8,8,7,4,3,3,2,2
"V835",9,8,8,7,4,3,3,2,2
"V836",9,8,8,7,4,3,3,2,2
"V837",5,4,4,4,4,3,3,2,2
"V838",5,4,4,4,4,3,3,2,2
"V839",3,3,3,3,3,1,1,1,1
"V840",2,2,2,2,2,2,2,2,2
"V841",6,5,5,2,2,2,2,2,2
"V842",8,7,7,6,6,5,4,3,1
"V843",8,7,7,6,6,5,4,3,1
"V844",8,7,7,6,6,5,4,3,1
"V845",10,9,6,5,5,4,4,3,1
"V846",9,8,8,7,4,3,3,2,2
"V847",5,4,4,4,4,3,3,2,2
"V848",5,4,4,4,4,3,3,2,2
"V849",7,6,6,5,5,4,4,3,1
"V850",7,6,6,5,5,4,4,3,1
"V851",8,7,7,6,6,5,4,3,1
"V852",10,9,6,5,5,4,4,3,1
"V853",8,7,7,6,6,5,4,3,1
"V854",5,4,4,4,4,3,3,2,2
"V855",8,7,7,6,6,5,4,3,1
"V856",5,4,4,4,4,3,3,2,2
"V857",3,3,3,3,3,1,1,1,1
"V858",5,4,4,4,4,3,3,2,2
"V859",3,3,3,3,3,1,1,1,1
"V860",8,7,7,6,6,5,4,3,1
"V861",4,1,1,1,1,1,1,1,1
"V862",1,1,1,1,1,1,1,1,1
"V863",5,4,4,4,4,3,3,2,2
"V864",8,7,7,6,6,5,4,3,1
"V865",5,4,4,4,4,3,3,2,2
"V866",3,3,3,3,3,1,1,1,1
"V867",5,4,4,4,4,3,3,2,2
"V868",10,9,6,5,5,4,4,3,1
"V869",9,8,8,7,4,3,3,2,2
"V870",2,2,2,2,2,2,2,2,2
"V871",10,9,6,5,5,4,4,3,1
"V872",10,9,6,5,5,4,4,3,1
"V873",7,6,6,5,5,4,4,3,1
"V874",8,7,7,6,6,5,4,3,1
"V875",3,3,3,3,3,1,1,1,1
"V876",4,1,1,1,1,1,1,1,1
"V877",5,4,4,4,4,3,3,2,2
"V878",8,7,7,6,6,5,4,3,1
"V879",5,4,4,4,4,3,3,2,2
"V880",7,6,6,5,5,4,4,3,1
"V881",6,5,5,2,2,2,2,2,2
"V882",4,1,1,1,1,1,1,1,1
"V883",7,6,6,5,5,4,4,3,1
"V884",5,4,4,4,4,3,3,2,2
"V885",3,3,3,3,3,1,1,1,1
"V886",5,4,4,4,4,3,3,2,2
"V887",7,6,6,5,5,4,4,3,1
"V888",2,2,2,2,2,2,2,2,2
"V889",5,4,4,4,4,3,3,2,2
"V890",9,8,8,7,4,3,3,2,2
"V891",8,7,7,6,6,5,4,3,1
"V892",2,2,2,2,2,2,2,2,2
"V893",3,3,3,3,3,1,1,1,1
"V894",5,4,4,4,4,3,3,2,2
"V895",3,3,3,3,3,1,1,1,1
"V896",1,1,1,1,1,1,1,1,1
"V897",10,9,6,5,5,4,4,3,1
"V898",9,8,8,7,4,3,3,2,2
"V899",10,9,6,5,5,4,4,3,1
"V900",2,2,2,2,2,2,2,2,2
"V901",5,4,4,4,4,3,3,2,2
"V902",2,2,2,2,2,2,2,2,2
"V903",6,5,5,2,2,2,2,2,2
"V904",5,4,4,4,4,3,3,2,2
"V905",8,7,7,6,6,5,4,3,1
"V906",4,1,1,1,1,1,1,1,1
"V907",8,7,7,6,6,5,4,3,1
"V908",8,7,7,6,6,5,4,3,1
"V909",10,9,6,5,5,4,4,3,1
"V910",5,4,4,4,4,3,3,2,2
"V911",5,4,4,4,4,3,3,2,2
"V912",5,4,4,4,4,3,3,2,2
"V913",7,6,6,5,5,4,4,3,1
"V914",6,5,5,2,2,2,2,2,2
"V915",5,4,4,4,4,3,3,2,2
"V916",10,9,6,5,5,4,4,3,1
"V917",1,1,1,1,1,1,1,1,1
"V918",8,7,7,6,6,5,4,3,1
"V919",5,4,4,4,4,3,3,2,2
"V920",8,7,7,6,6,5,4,3,1
"V921",5,4,4,4,4,3,3,2,2
"V922",8,7,7,6,6,5,4,3,1
"V923",5,4,4,4,4,3,3,2,2
"V924",8,7,7,6,6,5,4,3,1
"V925",5,4,4,4,4,3,3,2,2
"V926",8,7,7,6,6,5,4,3,1
"V927",10,9,6,5,5,4,4,3,1
"V928",8,7,7,6,6,5,4,3,1
"V929",4,1,1,1,1,1,1,1,1
"V930",4,1,1,1,1,1,1,1,1
"V931",8,7,7,6,6,5,4,3,1
"V932",8,7,7,6,6,5,4,3,1
"V933",6,5,5,2,2,2,2,2,2
"V934",2,2,2,2,2,2,2,2,2
"V935",7,6,6,5,5,4,4,3,1
"V936",10,9,6,5,5,4,4,3,1
"V937",4,1,1,1,1,1,1,1,1
"V938",5,4,4,4,4,3,3,2,2
"V939",5,4,4,4,4,3,3,2,2
"V940",10,9,6,5,5,4,4,3,1
"V941",2,2,2,2,2,2,2,2,2
"V942",8,7,7,6,6,5,4,3,1
"V943",3,3,3,3,3,1,1,1,1
"V944",5,4,4,4,4,3,3,2,2
"V945",8,7,7,6,6,5,4,3,1
"V946",5,4,4,4,4,3,3,2,2
"V947",9,8,8,7,4,3,3,2,2
"V948",6,5,5,2,2,2,2,2,2
"V949",3,3,3,3,3,1,1,1,1
"V950",3,3,3,3,3,1,1,1,1
"V951",5,4,4,4,4,3,3,2,2
"V952",5,4,4,4,4,3,3,2,2
"V953",9,8,8,7,4,3,3,2,2
"V954",5,4,4,4,4,3,3,2,2
"V955",8,7,7,6,6,5,4,3,1
"V956",9,8,8,7,4,3,3,2,2
"V957",8,7,7,6,6,5,4,3,1
"V958",8,7,7,6,6,5,4,3,1
"V959",3,3,3,3,3,1,1,1,1
"V960",10,9,6,5,5,4,4,3,1
"V961",6,5,5,2,2,2,2,2,2
"V962",5,4,4,4,4,3,3,2,2
"V963",8,7,7,6,6,5,4,3,1
"V964",10,9,6,5,5,4,4,3,1
"V965",8,7,7,6,6,5,4,3,1
"V966",3,3,3,3,3,1,1,1,1
"V967",3,3,3,3,3,1,1,1,1
"V968",6,5,5,2,2,2,2,2,2
"V969",6,5,5,2,2,2,2,2,2
"V970",5,4,4,4,4,3,3,2,2
"V971",6,5,5,2,2,2,2,2,2
"V972",10,9,6,5,5,4,4,3,1
"V973",8,7,7,6,6,5,4,3,1
"V974",6,5,5,2,2,2,2,2,2
"V975",7,6,6,5,5,4,4,3,1
"V976",4,1,1,1,1,1,1,1,1
"V977",8,7,7,6,6,5,4,3,1
"V978",5,4,4,4,4,3,3,2,2
"V979",1,1,1,1,1,1,1,1,1
"V980",3,3,3,3,3,1,1,1,1
"V981",3,3,3,3,3,1,1,1,1
"V982",9,8,8,7,4,3,3,2,2
"V983",8,7,7,6,6,5,4,3,1
"V984",8,7,7,6,6,5,4,3,1
"V985",3,3,3,3,3,1,1,1,1
"V986",5,4,4,4,4,3,3,2,2
"V987",3,3,3,3,3,1,1,1,1
"V988",6,5,5,2,2,2,2,2,2
"V989",2,2,2,2,2,2,2,2,2
"V990",9,8,8,7,4,3,3,2,2
"V991",7,6,6,5,5,4,4,3,1
"V992",10,9,6,5,5,4,4,3,1
"V993",7,6,6,5,5,4,4,3,1
"V994",10,9,6,5,5,4,4,3,1
"V995",5,4,4,4,4,3,3,2,2
"V996",9,8,8,7,4,3,3,2,2
"V997",5,4,4,4,4,3,3,2,2
"V998",7,6,6,5,5,4,4,3,1
"V999",2,2,2,2,2,2,2,2,2
"V1000",8,7,7,6,6,5,4,3,1
