"","Cl_mat","cl_id","cl_id.1","cl_id.2","cl_id.3","cl_id.4","cl_id.5","cl_id.6","cl_id.7"
"V1",8,7,7,6,5,4,3,3,2
"V2",4,4,4,3,2,2,2,2,1
"V3",10,9,5,4,3,3,1,1,1
"V4",1,1,1,1,1,1,1,1,1
"V5",3,3,3,1,1,1,1,1,1
"V6",8,7,7,6,5,4,3,3,2
"V7",3,3,3,1,1,1,1,1,1
"V8",2,2,2,2,2,2,2,2,1
"V9",6,6,6,5,4,2,2,2,1
"V10",8,7,7,6,5,4,3,3,2
"V11",9,8,8,7,6,5,4,3,2
"V12",7,5,5,4,3,3,1,1,1
"V13",8,7,7,6,5,4,3,3,2
"V14",6,6,6,5,4,2,2,2,1
"V15",10,9,5,4,3,3,1,1,1
"V16",2,2,2,2,2,2,2,2,1
"V17",10,9,5,4,3,3,1,1,1
"V18",6,6,6,5,4,2,2,2,1
"V19",9,8,8,7,6,5,4,3,2
"V20",9,8,8,7,6,5,4,3,2
"V21",5,5,5,4,3,3,1,1,1
"V22",8,7,7,6,5,4,3,3,2
"V23",1,1,1,1,1,1,1,1,1
"V24",2,2,2,2,2,2,2,2,1
"V25",2,2,2,2,2,2,2,2,1
"V26",6,6,6,5,4,2,2,2,1
"V27",1,1,1,1,1,1,1,1,1
"V28",6,6,6,5,4,2,2,2,1
"V29",9,8,8,7,6,5,4,3,2
"V30",9,8,8,7,6,5,4,3,2
"V31",4,4,4,3,2,2,2,2,1
"V32",6,6,6,5,4,2,2,2,1
"V33",2,2,2,2,2,2,2,2,1
"V34",9,8,8,7,6,5,4,3,2
"V35",8,7,7,6,5,4,3,3,2
"V36",8,7,7,6,5,4,3,3,2
"V37",8,7,7,6,5,4,3,3,2
"V38",5,5,5,4,3,3,1,1,1
"V39",3,3,3,1,1,1,1,1,1
"V40",9,8,8,7,6,5,4,3,2
"V41",8,7,7,6,5,4,3,3,2
"V42",9,8,8,7,6,5,4,3,2
"V43",8,7,7,6,5,4,3,3,2
"V44",9,8,8,7,6,5,4,3,2
"V45",2,2,2,2,2,2,2,2,1
"V46",2,2,2,2,2,2,2,2,1
"V47",6,6,6,5,4,2,2,2,1
"V48",2,2,2,2,2,2,2,2,1
"V49",9,8,8,7,6,5,4,3,2
"V50",10,9,5,4,3,3,1,1,1
"V51",8,7,7,6,5,4,3,3,2
"V52",2,2,2,2,2,2,2,2,1
"V53",8,7,7,6,5,4,3,3,2
"V54",8,7,7,6,5,4,3,3,2
"V55",9,8,8,7,6,5,4,3,2
"V56",7,5,5,4,3,3,1,1,1
"V57",9,8,8,7,6,5,4,3,2
"V58",6,6,6,5,4,2,2,2,1
"V59",8,7,7,6,5,4,3,3,2
"V60",6,6,6,5,4,2,2,2,1
"V61",9,8,8,7,6,5,4,3,2
"V62",8,7,7,6,5,4,3,3,2
"V63",6,6,6,5,4,2,2,2,1
"V64",9,8,8,7,6,5,4,3,2
"V65",4,4,4,3,2,2,2,2,1
"V66",6,6,6,5,4,2,2,2,1
"V67",9,8,8,7,6,5,4,3,2
"V68",8,7,7,6,5,4,3,3,2
"V69",9,8,8,7,6,5,4,3,2
"V70",2,2,2,2,2,2,2,2,1
"V71",3,3,3,1,1,1,1,1,1
"V72",9,8,8,7,6,5,4,3,2
"V73",9,8,8,7,6,5,4,3,2
"V74",6,6,6,5,4,2,2,2,1
"V75",9,8,8,7,6,5,4,3,2
"V76",8,7,7,6,5,4,3,3,2
"V77",8,7,7,6,5,4,3,3,2
"V78",9,8,8,7,6,5,4,3,2
"V79",8,7,7,6,5,4,3,3,2
"V80",8,7,7,6,5,4,3,3,2
"V81",8,7,7,6,5,4,3,3,2
"V82",8,7,7,6,5,4,3,3,2
"V83",8,7,7,6,5,4,3,3,2
"V84",8,7,7,6,5,4,3,3,2
"V85",8,7,7,6,5,4,3,3,2
"V86",8,7,7,6,5,4,3,3,2
"V87",2,2,2,2,2,2,2,2,1
"V88",2,2,2,2,2,2,2,2,1
"V89",3,3,3,1,1,1,1,1,1
"V90",3,3,3,1,1,1,1,1,1
"V91",6,6,6,5,4,2,2,2,1
"V92",6,6,6,5,4,2,2,2,1
"V93",2,2,2,2,2,2,2,2,1
"V94",9,8,8,7,6,5,4,3,2
"V95",6,6,6,5,4,2,2,2,1
"V96",8,7,7,6,5,4,3,3,2
"V97",10,9,5,4,3,3,1,1,1
"V98",8,7,7,6,5,4,3,3,2
"V99",10,9,5,4,3,3,1,1,1
"V100",8,7,7,6,5,4,3,3,2
"V101",5,5,5,4,3,3,1,1,1
"V102",8,7,7,6,5,4,3,3,2
"V103",8,7,7,6,5,4,3,3,2
"V104",2,2,2,2,2,2,2,2,1
"V105",2,2,2,2,2,2,2,2,1
"V106",8,7,7,6,5,4,3,3,2
"V107",9,8,8,7,6,5,4,3,2
"V108",10,9,5,4,3,3,1,1,1
"V109",9,8,8,7,6,5,4,3,2
"V110",8,7,7,6,5,4,3,3,2
"V111",8,7,7,6,5,4,3,3,2
"V112",4,4,4,3,2,2,2,2,1
"V113",7,5,5,4,3,3,1,1,1
"V114",10,9,5,4,3,3,1,1,1
"V115",6,6,6,5,4,2,2,2,1
"V116",5,5,5,4,3,3,1,1,1
"V117",4,4,4,3,2,2,2,2,1
"V118",6,6,6,5,4,2,2,2,1
"V119",8,7,7,6,5,4,3,3,2
"V120",8,7,7,6,5,4,3,3,2
"V121",3,3,3,1,1,1,1,1,1
"V122",8,7,7,6,5,4,3,3,2
"V123",10,9,5,4,3,3,1,1,1
"V124",8,7,7,6,5,4,3,3,2
"V125",10,9,5,4,3,3,1,1,1
"V126",1,1,1,1,1,1,1,1,1
"V127",4,4,4,3,2,2,2,2,1
"V128",8,7,7,6,5,4,3,3,2
"V129",9,8,8,7,6,5,4,3,2
"V130",6,6,6,5,4,2,2,2,1
"V131",6,6,6,5,4,2,2,2,1
"V132",6,6,6,5,4,2,2,2,1
"V133",10,9,5,4,3,3,1,1,1
"V134",9,8,8,7,6,5,4,3,2
"V135",2,2,2,2,2,2,2,2,1
"V136",2,2,2,2,2,2,2,2,1
"V137",2,2,2,2,2,2,2,2,1
"V138",8,7,7,6,5,4,3,3,2
"V139",2,2,2,2,2,2,2,2,1
"V140",8,7,7,6,5,4,3,3,2
"V141",8,7,7,6,5,4,3,3,2
"V142",9,8,8,7,6,5,4,3,2
"V143",7,5,5,4,3,3,1,1,1
"V144",2,2,2,2,2,2,2,2,1
"V145",10,9,5,4,3,3,1,1,1
"V146",9,8,8,7,6,5,4,3,2
"V147",9,8,8,7,6,5,4,3,2
"V148",2,2,2,2,2,2,2,2,1
"V149",8,7,7,6,5,4,3,3,2
"V150",8,7,7,6,5,4,3,3,2
"V151",4,4,4,3,2,2,2,2,1
"V152",8,7,7,6,5,4,3,3,2
"V153",9,8,8,7,6,5,4,3,2
"V154",6,6,6,5,4,2,2,2,1
"V155",9,8,8,7,6,5,4,3,2
"V156",3,3,3,1,1,1,1,1,1
"V157",9,8,8,7,6,5,4,3,2
"V158",4,4,4,3,2,2,2,2,1
"V159",6,6,6,5,4,2,2,2,1
"V160",4,4,4,3,2,2,2,2,1
"V161",7,5,5,4,3,3,1,1,1
"V162",6,6,6,5,4,2,2,2,1
"V163",6,6,6,5,4,2,2,2,1
"V164",8,7,7,6,5,4,3,3,2
"V165",9,8,8,7,6,5,4,3,2
"V166",10,9,5,4,3,3,1,1,1
"V167",3,3,3,1,1,1,1,1,1
"V168",8,7,7,6,5,4,3,3,2
"V169",3,3,3,1,1,1,1,1,1
"V170",8,7,7,6,5,4,3,3,2
"V171",9,8,8,7,6,5,4,3,2
"V172",5,5,5,4,3,3,1,1,1
"V173",6,6,6,5,4,2,2,2,1
"V174",10,9,5,4,3,3,1,1,1
"V175",3,3,3,1,1,1,1,1,1
"V176",10,9,5,4,3,3,1,1,1
"V177",8,7,7,6,5,4,3,3,2
"V178",8,7,7,6,5,4,3,3,2
"V179",8,7,7,6,5,4,3,3,2
"V180",6,6,6,5,4,2,2,2,1
"V181",2,2,2,2,2,2,2,2,1
"V182",8,7,7,6,5,4,3,3,2
"V183",7,5,5,4,3,3,1,1,1
"V184",9,8,8,7,6,5,4,3,2
"V185",8,7,7,6,5,4,3,3,2
"V186",10,9,5,4,3,3,1,1,1
"V187",3,3,3,1,1,1,1,1,1
"V188",8,7,7,6,5,4,3,3,2
"V189",6,6,6,5,4,2,2,2,1
"V190",8,7,7,6,5,4,3,3,2
"V191",10,9,5,4,3,3,1,1,1
"V192",9,8,8,7,6,5,4,3,2
"V193",10,9,5,4,3,3,1,1,1
"V194",10,9,5,4,3,3,1,1,1
"V195",7,5,5,4,3,3,1,1,1
"V196",9,8,8,7,6,5,4,3,2
"V197",8,7,7,6,5,4,3,3,2
"V198",1,1,1,1,1,1,1,1,1
"V199",8,7,7,6,5,4,3,3,2
"V200",9,8,8,7,6,5,4,3,2
"V201",3,3,3,1,1,1,1,1,1
"V202",9,8,8,7,6,5,4,3,2
"V203",2,2,2,2,2,2,2,2,1
"V204",8,7,7,6,5,4,3,3,2
"V205",9,8,8,7,6,5,4,3,2
"V206",6,6,6,5,4,2,2,2,1
"V207",5,5,5,4,3,3,1,1,1
"V208",9,8,8,7,6,5,4,3,2
"V209",8,7,7,6,5,4,3,3,2
"V210",6,6,6,5,4,2,2,2,1
"V211",9,8,8,7,6,5,4,3,2
"V212",8,7,7,6,5,4,3,3,2
"V213",8,7,7,6,5,4,3,3,2
"V214",2,2,2,2,2,2,2,2,1
"V215",8,7,7,6,5,4,3,3,2
"V216",8,7,7,6,5,4,3,3,2
"V217",9,8,8,7,6,5,4,3,2
"V218",8,7,7,6,5,4,3,3,2
"V219",8,7,7,6,5,4,3,3,2
"V220",2,2,2,2,2,2,2,2,1
"V221",1,1,1,1,1,1,1,1,1
"V222",9,8,8,7,6,5,4,3,2
"V223",9,8,8,7,6,5,4,3,2
"V224",4,4,4,3,2,2,2,2,1
"V225",6,6,6,5,4,2,2,2,1
"V226",3,3,3,1,1,1,1,1,1
"V227",8,7,7,6,5,4,3,3,2
"V228",8,7,7,6,5,4,3,3,2
"V229",4,4,4,3,2,2,2,2,1
"V230",7,5,5,4,3,3,1,1,1
"V231",9,8,8,7,6,5,4,3,2
"V232",9,8,8,7,6,5,4,3,2
"V233",10,9,5,4,3,3,1,1,1
"V234",8,7,7,6,5,4,3,3,2
"V235",10,9,5,4,3,3,1,1,1
"V236",9,8,8,7,6,5,4,3,2
"V237",4,4,4,3,2,2,2,2,1
"V238",8,7,7,6,5,4,3,3,2
"V239",3,3,3,1,1,1,1,1,1
"V240",8,7,7,6,5,4,3,3,2
"V241",3,3,3,1,1,1,1,1,1
"V242",8,7,7,6,5,4,3,3,2
"V243",6,6,6,5,4,2,2,2,1
"V244",2,2,2,2,2,2,2,2,1
"V245",9,8,8,7,6,5,4,3,2
"V246",10,9,5,4,3,3,1,1,1
"V247",9,8,8,7,6,5,4,3,2
"V248",9,8,8,7,6,5,4,3,2
"V249",8,7,7,6,5,4,3,3,2
"V250",9,8,8,7,6,5,4,3,2
"V251",9,8,8,7,6,5,4,3,2
"V252",8,7,7,6,5,4,3,3,2
"V253",3,3,3,1,1,1,1,1,1
"V254",8,7,7,6,5,4,3,3,2
"V255",9,8,8,7,6,5,4,3,2
"V256",10,9,5,4,3,3,1,1,1
"V257",2,2,2,2,2,2,2,2,1
"V258",9,8,8,7,6,5,4,3,2
"V259",9,8,8,7,6,5,4,3,2
"V260",9,8,8,7,6,5,4,3,2
"V261",8,7,7,6,5,4,3,3,2
"V262",9,8,8,7,6,5,4,3,2
"V263",8,7,7,6,5,4,3,3,2
"V264",8,7,7,6,5,4,3,3,2
"V265",1,1,1,1,1,1,1,1,1
"V266",6,6,6,5,4,2,2,2,1
"V267",8,7,7,6,5,4,3,3,2
"V268",5,5,5,4,3,3,1,1,1
"V269",3,3,3,1,1,1,1,1,1
"V270",8,7,7,6,5,4,3,3,2
"V271",10,9,5,4,3,3,1,1,1
"V272",9,8,8,7,6,5,4,3,2
"V273",1,1,1,1,1,1,1,1,1
"V274",8,7,7,6,5,4,3,3,2
"V275",4,4,4,3,2,2,2,2,1
"V276",8,7,7,6,5,4,3,3,2
"V277",6,6,6,5,4,2,2,2,1
"V278",9,8,8,7,6,5,4,3,2
"V279",8,7,7,6,5,4,3,3,2
"V280",4,4,4,3,2,2,2,2,1
"V281",3,3,3,1,1,1,1,1,1
"V282",9,8,8,7,6,5,4,3,2
"V283",3,3,3,1,1,1,1,1,1
"V284",8,7,7,6,5,4,3,3,2
"V285",8,7,7,6,5,4,3,3,2
"V286",8,7,7,6,5,4,3,3,2
"V287",7,5,5,4,3,3,1,1,1
"V288",4,4,4,3,2,2,2,2,1
"V289",8,7,7,6,5,4,3,3,2
"V290",3,3,3,1,1,1,1,1,1
"V291",2,2,2,2,2,2,2,2,1
"V292",1,1,1,1,1,1,1,1,1
"V293",2,2,2,2,2,2,2,2,1
"V294",6,6,6,5,4,2,2,2,1
"V295",2,2,2,2,2,2,2,2,1
"V296",8,7,7,6,5,4,3,3,2
"V297",1,1,1,1,1,1,1,1,1
"V298",6,6,6,5,4,2,2,2,1
"V299",8,7,7,6,5,4,3,3,2
"V300",8,7,7,6,5,4,3,3,2
"V301",8,7,7,6,5,4,3,3,2
"V302",2,2,2,2,2,2,2,2,1
"V303",1,1,1,1,1,1,1,1,1
"V304",8,7,7,6,5,4,3,3,2
"V305",3,3,3,1,1,1,1,1,1
"V306",2,2,2,2,2,2,2,2,1
"V307",3,3,3,1,1,1,1,1,1
"V308",10,9,5,4,3,3,1,1,1
"V309",8,7,7,6,5,4,3,3,2
"V310",4,4,4,3,2,2,2,2,1
"V311",3,3,3,1,1,1,1,1,1
"V312",9,8,8,7,6,5,4,3,2
"V313",8,7,7,6,5,4,3,3,2
"V314",6,6,6,5,4,2,2,2,1
"V315",10,9,5,4,3,3,1,1,1
"V316",1,1,1,1,1,1,1,1,1
"V317",3,3,3,1,1,1,1,1,1
"V318",6,6,6,5,4,2,2,2,1
"V319",8,7,7,6,5,4,3,3,2
"V320",6,6,6,5,4,2,2,2,1
"V321",10,9,5,4,3,3,1,1,1
"V322",6,6,6,5,4,2,2,2,1
"V323",9,8,8,7,6,5,4,3,2
"V324",3,3,3,1,1,1,1,1,1
"V325",8,7,7,6,5,4,3,3,2
"V326",3,3,3,1,1,1,1,1,1
"V327",1,1,1,1,1,1,1,1,1
"V328",10,9,5,4,3,3,1,1,1
"V329",8,7,7,6,5,4,3,3,2
"V330",3,3,3,1,1,1,1,1,1
"V331",8,7,7,6,5,4,3,3,2
"V332",6,6,6,5,4,2,2,2,1
"V333",9,8,8,7,6,5,4,3,2
"V334",9,8,8,7,6,5,4,3,2
"V335",8,7,7,6,5,4,3,3,2
"V336",7,5,5,4,3,3,1,1,1
"V337",6,6,6,5,4,2,2,2,1
"V338",10,9,5,4,3,3,1,1,1
"V339",3,3,3,1,1,1,1,1,1
"V340",2,2,2,2,2,2,2,2,1
"V341",3,3,3,1,1,1,1,1,1
"V342",6,6,6,5,4,2,2,2,1
"V343",8,7,7,6,5,4,3,3,2
"V344",6,6,6,5,4,2,2,2,1
"V345",1,1,1,1,1,1,1,1,1
"V346",9,8,8,7,6,5,4,3,2
"V347",3,3,3,1,1,1,1,1,1
"V348",9,8,8,7,6,5,4,3,2
"V349",6,6,6,5,4,2,2,2,1
"V350",8,7,7,6,5,4,3,3,2
"V351",4,4,4,3,2,2,2,2,1
"V352",10,9,5,4,3,3,1,1,1
"V353",8,7,7,6,5,4,3,3,2
"V354",4,4,4,3,2,2,2,2,1
"V355",6,6,6,5,4,2,2,2,1
"V356",6,6,6,5,4,2,2,2,1
"V357",9,8,8,7,6,5,4,3,2
"V358",9,8,8,7,6,5,4,3,2
"V359",9,8,8,7,6,5,4,3,2
"V360",2,2,2,2,2,2,2,2,1
"V361",3,3,3,1,1,1,1,1,1
"V362",3,3,3,1,1,1,1,1,1
"V363",3,3,3,1,1,1,1,1,1
"V364",9,8,8,7,6,5,4,3,2
"V365",8,7,7,6,5,4,3,3,2
"V366",8,7,7,6,5,4,3,3,2
"V367",9,8,8,7,6,5,4,3,2
"V368",2,2,2,2,2,2,2,2,1
"V369",9,8,8,7,6,5,4,3,2
"V370",5,5,5,4,3,3,1,1,1
"V371",8,7,7,6,5,4,3,3,2
"V372",10,9,5,4,3,3,1,1,1
"V373",8,7,7,6,5,4,3,3,2
"V374",6,6,6,5,4,2,2,2,1
"V375",6,6,6,5,4,2,2,2,1
"V376",9,8,8,7,6,5,4,3,2
"V377",8,7,7,6,5,4,3,3,2
"V378",8,7,7,6,5,4,3,3,2
"V379",3,3,3,1,1,1,1,1,1
"V380",6,6,6,5,4,2,2,2,1
"V381",1,1,1,1,1,1,1,1,1
"V382",8,7,7,6,5,4,3,3,2
"V383",3,3,3,1,1,1,1,1,1
"V384",9,8,8,7,6,5,4,3,2
"V385",5,5,5,4,3,3,1,1,1
"V386",8,7,7,6,5,4,3,3,2
"V387",8,7,7,6,5,4,3,3,2
"V388",9,8,8,7,6,5,4,3,2
"V389",8,7,7,6,5,4,3,3,2
"V390",6,6,6,5,4,2,2,2,1
"V391",8,7,7,6,5,4,3,3,2
"V392",6,6,6,5,4,2,2,2,1
"V393",8,7,7,6,5,4,3,3,2
"V394",4,4,4,3,2,2,2,2,1
"V395",4,4,4,3,2,2,2,2,1
"V396",9,8,8,7,6,5,4,3,2
"V397",4,4,4,3,2,2,2,2,1
"V398",8,7,7,6,5,4,3,3,2
"V399",1,1,1,1,1,1,1,1,1
"V400",2,2,2,2,2,2,2,2,1
"V401",3,3,3,1,1,1,1,1,1
"V402",5,5,5,4,3,3,1,1,1
"V403",8,7,7,6,5,4,3,3,2
"V404",8,7,7,6,5,4,3,3,2
"V405",9,8,8,7,6,5,4,3,2
"V406",6,6,6,5,4,2,2,2,1
"V407",10,9,5,4,3,3,1,1,1
"V408",3,3,3,1,1,1,1,1,1
"V409",8,7,7,6,5,4,3,3,2
"V410",9,8,8,7,6,5,4,3,2
"V411",4,4,4,3,2,2,2,2,1
"V412",9,8,8,7,6,5,4,3,2
"V413",2,2,2,2,2,2,2,2,1
"V414",8,7,7,6,5,4,3,3,2
"V415",3,3,3,1,1,1,1,1,1
"V416",3,3,3,1,1,1,1,1,1
"V417",3,3,3,1,1,1,1,1,1
"V418",8,7,7,6,5,4,3,3,2
"V419",9,8,8,7,6,5,4,3,2
"V420",6,6,6,5,4,2,2,2,1
"V421",8,7,7,6,5,4,3,3,2
"V422",6,6,6,5,4,2,2,2,1
"V423",6,6,6,5,4,2,2,2,1
"V424",8,7,7,6,5,4,3,3,2
"V425",10,9,5,4,3,3,1,1,1
"V426",10,9,5,4,3,3,1,1,1
"V427",9,8,8,7,6,5,4,3,2
"V428",8,7,7,6,5,4,3,3,2
"V429",6,6,6,5,4,2,2,2,1
"V430",9,8,8,7,6,5,4,3,2
"V431",8,7,7,6,5,4,3,3,2
"V432",4,4,4,3,2,2,2,2,1
"V433",2,2,2,2,2,2,2,2,1
"V434",8,7,7,6,5,4,3,3,2
"V435",9,8,8,7,6,5,4,3,2
"V436",3,3,3,1,1,1,1,1,1
"V437",8,7,7,6,5,4,3,3,2
"V438",3,3,3,1,1,1,1,1,1
"V439",9,8,8,7,6,5,4,3,2
"V440",8,7,7,6,5,4,3,3,2
"V441",9,8,8,7,6,5,4,3,2
"V442",9,8,8,7,6,5,4,3,2
"V443",7,5,5,4,3,3,1,1,1
"V444",8,7,7,6,5,4,3,3,2
"V445",9,8,8,7,6,5,4,3,2
"V446",10,9,5,4,3,3,1,1,1
"V447",5,5,5,4,3,3,1,1,1
"V448",6,6,6,5,4,2,2,2,1
"V449",5,5,5,4,3,3,1,1,1
"V450",10,9,5,4,3,3,1,1,1
"V451",1,1,1,1,1,1,1,1,1
"V452",8,7,7,6,5,4,3,3,2
"V453",8,7,7,6,5,4,3,3,2
"V454",6,6,6,5,4,2,2,2,1
"V455",9,8,8,7,6,5,4,3,2
"V456",2,2,2,2,2,2,2,2,1
"V457",8,7,7,6,5,4,3,3,2
"V458",4,4,4,3,2,2,2,2,1
"V459",5,5,5,4,3,3,1,1,1
"V460",8,7,7,6,5,4,3,3,2
"V461",9,8,8,7,6,5,4,3,2
"V462",6,6,6,5,4,2,2,2,1
"V463",9,8,8,7,6,5,4,3,2
"V464",6,6,6,5,4,2,2,2,1
"V465",10,9,5,4,3,3,1,1,1
"V466",1,1,1,1,1,1,1,1,1
"V467",8,7,7,6,5,4,3,3,2
"V468",6,6,6,5,4,2,2,2,1
"V469",9,8,8,7,6,5,4,3,2
"V470",6,6,6,5,4,2,2,2,1
"V471",10,9,5,4,3,3,1,1,1
"V472",6,6,6,5,4,2,2,2,1
"V473",1,1,1,1,1,1,1,1,1
"V474",8,7,7,6,5,4,3,3,2
"V475",8,7,7,6,5,4,3,3,2
"V476",9,8,8,7,6,5,4,3,2
"V477",8,7,7,6,5,4,3,3,2
"V478",8,7,7,6,5,4,3,3,2
"V479",4,4,4,3,2,2,2,2,1
"V480",3,3,3,1,1,1,1,1,1
"V481",8,7,7,6,5,4,3,3,2
"V482",9,8,8,7,6,5,4,3,2
"V483",9,8,8,7,6,5,4,3,2
"V484",9,8,8,7,6,5,4,3,2
"V485",9,8,8,7,6,5,4,3,2
"V486",2,2,2,2,2,2,2,2,1
"V487",2,2,2,2,2,2,2,2,1
"V488",9,8,8,7,6,5,4,3,2
"V489",6,6,6,5,4,2,2,2,1
"V490",9,8,8,7,6,5,4,3,2
"V491",9,8,8,7,6,5,4,3,2
"V492",9,8,8,7,6,5,4,3,2
"V493",10,9,5,4,3,3,1,1,1
"V494",6,6,6,5,4,2,2,2,1
"V495",9,8,8,7,6,5,4,3,2
"V496",1,1,1,1,1,1,1,1,1
"V497",9,8,8,7,6,5,4,3,2
"V498",6,6,6,5,4,2,2,2,1
"V499",9,8,8,7,6,5,4,3,2
"V500",6,6,6,5,4,2,2,2,1
"V501",8,7,7,6,5,4,3,3,2
"V502",4,4,4,3,2,2,2,2,1
"V503",8,7,7,6,5,4,3,3,2
"V504",9,8,8,7,6,5,4,3,2
"V505",2,2,2,2,2,2,2,2,1
"V506",10,9,5,4,3,3,1,1,1
"V507",10,9,5,4,3,3,1,1,1
"V508",8,7,7,6,5,4,3,3,2
"V509",6,6,6,5,4,2,2,2,1
"V510",2,2,2,2,2,2,2,2,1
"V511",8,7,7,6,5,4,3,3,2
"V512",8,7,7,6,5,4,3,3,2
"V513",2,2,2,2,2,2,2,2,1
"V514",1,1,1,1,1,1,1,1,1
"V515",1,1,1,1,1,1,1,1,1
"V516",2,2,2,2,2,2,2,2,1
"V517",6,6,6,5,4,2,2,2,1
"V518",1,1,1,1,1,1,1,1,1
"V519",2,2,2,2,2,2,2,2,1
"V520",3,3,3,1,1,1,1,1,1
"V521",1,1,1,1,1,1,1,1,1
"V522",4,4,4,3,2,2,2,2,1
"V523",10,9,5,4,3,3,1,1,1
"V524",8,7,7,6,5,4,3,3,2
"V525",9,8,8,7,6,5,4,3,2
"V526",6,6,6,5,4,2,2,2,1
"V527",9,8,8,7,6,5,4,3,2
"V528",8,7,7,6,5,4,3,3,2
"V529",8,7,7,6,5,4,3,3,2
"V530",10,9,5,4,3,3,1,1,1
"V531",6,6,6,5,4,2,2,2,1
"V532",8,7,7,6,5,4,3,3,2
"V533",2,2,2,2,2,2,2,2,1
"V534",7,5,5,4,3,3,1,1,1
"V535",9,8,8,7,6,5,4,3,2
"V536",1,1,1,1,1,1,1,1,1
"V537",9,8,8,7,6,5,4,3,2
"V538",10,9,5,4,3,3,1,1,1
"V539",8,7,7,6,5,4,3,3,2
"V540",8,7,7,6,5,4,3,3,2
"V541",8,7,7,6,5,4,3,3,2
"V542",8,7,7,6,5,4,3,3,2
"V543",9,8,8,7,6,5,4,3,2
"V544",3,3,3,1,1,1,1,1,1
"V545",6,6,6,5,4,2,2,2,1
"V546",3,3,3,1,1,1,1,1,1
"V547",8,7,7,6,5,4,3,3,2
"V548",9,8,8,7,6,5,4,3,2
"V549",2,2,2,2,2,2,2,2,1
"V550",8,7,7,6,5,4,3,3,2
"V551",3,3,3,1,1,1,1,1,1
"V552",4,4,4,3,2,2,2,2,1
"V553",8,7,7,6,5,4,3,3,2
"V554",6,6,6,5,4,2,2,2,1
"V555",6,6,6,5,4,2,2,2,1
"V556",9,8,8,7,6,5,4,3,2
"V557",9,8,8,7,6,5,4,3,2
"V558",7,5,5,4,3,3,1,1,1
"V559",9,8,8,7,6,5,4,3,2
"V560",10,9,5,4,3,3,1,1,1
"V561",9,8,8,7,6,5,4,3,2
"V562",2,2,2,2,2,2,2,2,1
"V563",10,9,5,4,3,3,1,1,1
"V564",8,7,7,6,5,4,3,3,2
"V565",3,3,3,1,1,1,1,1,1
"V566",2,2,2,2,2,2,2,2,1
"V567",1,1,1,1,1,1,1,1,1
"V568",6,6,6,5,4,2,2,2,1
"V569",4,4,4,3,2,2,2,2,1
"V570",6,6,6,5,4,2,2,2,1
"V571",8,7,7,6,5,4,3,3,2
"V572",3,3,3,1,1,1,1,1,1
"V573",3,3,3,1,1,1,1,1,1
"V574",9,8,8,7,6,5,4,3,2
"V575",6,6,6,5,4,2,2,2,1
"V576",10,9,5,4,3,3,1,1,1
"V577",9,8,8,7,6,5,4,3,2
"V578",2,2,2,2,2,2,2,2,1
"V579",5,5,5,4,3,3,1,1,1
"V580",6,6,6,5,4,2,2,2,1
"V581",8,7,7,6,5,4,3,3,2
"V582",10,9,5,4,3,3,1,1,1
"V583",2,2,2,2,2,2,2,2,1
"V584",9,8,8,7,6,5,4,3,2
"V585",8,7,7,6,5,4,3,3,2
"V586",6,6,6,5,4,2,2,2,1
"V587",8,7,7,6,5,4,3,3,2
"V588",2,2,2,2,2,2,2,2,1
"V589",9,8,8,7,6,5,4,3,2
"V590",2,2,2,2,2,2,2,2,1
"V591",10,9,5,4,3,3,1,1,1
"V592",3,3,3,1,1,1,1,1,1
"V593",3,3,3,1,1,1,1,1,1
"V594",8,7,7,6,5,4,3,3,2
"V595",4,4,4,3,2,2,2,2,1
"V596",9,8,8,7,6,5,4,3,2
"V597",9,8,8,7,6,5,4,3,2
"V598",2,2,2,2,2,2,2,2,1
"V599",6,6,6,5,4,2,2,2,1
"V600",9,8,8,7,6,5,4,3,2
"V601",4,4,4,3,2,2,2,2,1
"V602",6,6,6,5,4,2,2,2,1
"V603",8,7,7,6,5,4,3,3,2
"V604",8,7,7,6,5,4,3,3,2
"V605",3,3,3,1,1,1,1,1,1
"V606",1,1,1,1,1,1,1,1,1
"V607",9,8,8,7,6,5,4,3,2
"V608",10,9,5,4,3,3,1,1,1
"V609",8,7,7,6,5,4,3,3,2
"V610",8,7,7,6,5,4,3,3,2
"V611",1,1,1,1,1,1,1,1,1
"V612",9,8,8,7,6,5,4,3,2
"V613",8,7,7,6,5,4,3,3,2
"V614",10,9,5,4,3,3,1,1,1
"V615",9,8,8,7,6,5,4,3,2
"V616",9,8,8,7,6,5,4,3,2
"V617",8,7,7,6,5,4,3,3,2
"V618",4,4,4,3,2,2,2,2,1
"V619",9,8,8,7,6,5,4,3,2
"V620",10,9,5,4,3,3,1,1,1
"V621",8,7,7,6,5,4,3,3,2
"V622",9,8,8,7,6,5,4,3,2
"V623",8,7,7,6,5,4,3,3,2
"V624",6,6,6,5,4,2,2,2,1
"V625",8,7,7,6,5,4,3,3,2
"V626",9,8,8,7,6,5,4,3,2
"V627",8,7,7,6,5,4,3,3,2
"V628",2,2,2,2,2,2,2,2,1
"V629",9,8,8,7,6,5,4,3,2
"V630",8,7,7,6,5,4,3,3,2
"V631",6,6,6,5,4,2,2,2,1
"V632",9,8,8,7,6,5,4,3,2
"V633",8,7,7,6,5,4,3,3,2
"V634",1,1,1,1,1,1,1,1,1
"V635",3,3,3,1,1,1,1,1,1
"V636",6,6,6,5,4,2,2,2,1
"V637",9,8,8,7,6,5,4,3,2
"V638",4,4,4,3,2,2,2,2,1
"V639",8,7,7,6,5,4,3,3,2
"V640",4,4,4,3,2,2,2,2,1
"V641",3,3,3,1,1,1,1,1,1
"V642",6,6,6,5,4,2,2,2,1
"V643",9,8,8,7,6,5,4,3,2
"V644",9,8,8,7,6,5,4,3,2
"V645",4,4,4,3,2,2,2,2,1
"V646",6,6,6,5,4,2,2,2,1
"V647",9,8,8,7,6,5,4,3,2
"V648",8,7,7,6,5,4,3,3,2
"V649",10,9,5,4,3,3,1,1,1
"V650",9,8,8,7,6,5,4,3,2
"V651",6,6,6,5,4,2,2,2,1
"V652",8,7,7,6,5,4,3,3,2
"V653",10,9,5,4,3,3,1,1,1
"V654",8,7,7,6,5,4,3,3,2
"V655",9,8,8,7,6,5,4,3,2
"V656",10,9,5,4,3,3,1,1,1
"V657",3,3,3,1,1,1,1,1,1
"V658",9,8,8,7,6,5,4,3,2
"V659",4,4,4,3,2,2,2,2,1
"V660",6,6,6,5,4,2,2,2,1
"V661",2,2,2,2,2,2,2,2,1
"V662",4,4,4,3,2,2,2,2,1
"V663",4,4,4,3,2,2,2,2,1
"V664",9,8,8,7,6,5,4,3,2
"V665",6,6,6,5,4,2,2,2,1
"V666",4,4,4,3,2,2,2,2,1
"V667",8,7,7,6,5,4,3,3,2
"V668",8,7,7,6,5,4,3,3,2
"V669",8,7,7,6,5,4,3,3,2
"V670",9,8,8,7,6,5,4,3,2
"V671",2,2,2,2,2,2,2,2,1
"V672",7,5,5,4,3,3,1,1,1
"V673",9,8,8,7,6,5,4,3,2
"V674",8,7,7,6,5,4,3,3,2
"V675",6,6,6,5,4,2,2,2,1
"V676",4,4,4,3,2,2,2,2,1
"V677",2,2,2,2,2,2,2,2,1
"V678",8,7,7,6,5,4,3,3,2
"V679",4,4,4,3,2,2,2,2,1
"V680",6,6,6,5,4,2,2,2,1
"V681",10,9,5,4,3,3,1,1,1
"V682",4,4,4,3,2,2,2,2,1
"V683",5,5,5,4,3,3,1,1,1
"V684",4,4,4,3,2,2,2,2,1
"V685",10,9,5,4,3,3,1,1,1
"V686",9,8,8,7,6,5,4,3,2
"V687",1,1,1,1,1,1,1,1,1
"V688",8,7,7,6,5,4,3,3,2
"V689",9,8,8,7,6,5,4,3,2
"V690",9,8,8,7,6,5,4,3,2
"V691",9,8,8,7,6,5,4,3,2
"V692",8,7,7,6,5,4,3,3,2
"V693",8,7,7,6,5,4,3,3,2
"V694",8,7,7,6,5,4,3,3,2
"V695",5,5,5,4,3,3,1,1,1
"V696",10,9,5,4,3,3,1,1,1
"V697",9,8,8,7,6,5,4,3,2
"V698",10,9,5,4,3,3,1,1,1
"V699",10,9,5,4,3,3,1,1,1
"V700",9,8,8,7,6,5,4,3,2
"V701",8,7,7,6,5,4,3,3,2
"V702",8,7,7,6,5,4,3,3,2
"V703",8,7,7,6,5,4,3,3,2
"V704",3,3,3,1,1,1,1,1,1
"V705",9,8,8,7,6,5,4,3,2
"V706",9,8,8,7,6,5,4,3,2
"V707",8,7,7,6,5,4,3,3,2
"V708",2,2,2,2,2,2,2,2,1
"V709",8,7,7,6,5,4,3,3,2
"V710",6,6,6,5,4,2,2,2,1
"V711",9,8,8,7,6,5,4,3,2
"V712",8,7,7,6,5,4,3,3,2
"V713",4,4,4,3,2,2,2,2,1
"V714",9,8,8,7,6,5,4,3,2
"V715",8,7,7,6,5,4,3,3,2
"V716",4,4,4,3,2,2,2,2,1
"V717",9,8,8,7,6,5,4,3,2
"V718",8,7,7,6,5,4,3,3,2
"V719",9,8,8,7,6,5,4,3,2
"V720",9,8,8,7,6,5,4,3,2
"V721",8,7,7,6,5,4,3,3,2
"V722",5,5,5,4,3,3,1,1,1
"V723",4,4,4,3,2,2,2,2,1
"V724",3,3,3,1,1,1,1,1,1
"V725",2,2,2,2,2,2,2,2,1
"V726",8,7,7,6,5,4,3,3,2
"V727",6,6,6,5,4,2,2,2,1
"V728",8,7,7,6,5,4,3,3,2
"V729",9,8,8,7,6,5,4,3,2
"V730",8,7,7,6,5,4,3,3,2
"V731",3,3,3,1,1,1,1,1,1
"V732",10,9,5,4,3,3,1,1,1
"V733",2,2,2,2,2,2,2,2,1
"V734",1,1,1,1,1,1,1,1,1
"V735",8,7,7,6,5,4,3,3,2
"V736",8,7,7,6,5,4,3,3,2
"V737",9,8,8,7,6,5,4,3,2
"V738",1,1,1,1,1,1,1,1,1
"V739",1,1,1,1,1,1,1,1,1
"V740",6,6,6,5,4,2,2,2,1
"V741",3,3,3,1,1,1,1,1,1
"V742",8,7,7,6,5,4,3,3,2
"V743",4,4,4,3,2,2,2,2,1
"V744",7,5,5,4,3,3,1,1,1
"V745",10,9,5,4,3,3,1,1,1
"V746",3,3,3,1,1,1,1,1,1
"V747",6,6,6,5,4,2,2,2,1
"V748",9,8,8,7,6,5,4,3,2
"V749",1,1,1,1,1,1,1,1,1
"V750",8,7,7,6,5,4,3,3,2
"V751",8,7,7,6,5,4,3,3,2
"V752",8,7,7,6,5,4,3,3,2
"V753",6,6,6,5,4,2,2,2,1
"V754",1,1,1,1,1,1,1,1,1
"V755",10,9,5,4,3,3,1,1,1
"V756",6,6,6,5,4,2,2,2,1
"V757",3,3,3,1,1,1,1,1,1
"V758",8,7,7,6,5,4,3,3,2
"V759",2,2,2,2,2,2,2,2,1
"V760",8,7,7,6,5,4,3,3,2
"V761",8,7,7,6,5,4,3,3,2
"V762",9,8,8,7,6,5,4,3,2
"V763",8,7,7,6,5,4,3,3,2
"V764",3,3,3,1,1,1,1,1,1
"V765",6,6,6,5,4,2,2,2,1
"V766",9,8,8,7,6,5,4,3,2
"V767",6,6,6,5,4,2,2,2,1
"V768",1,1,1,1,1,1,1,1,1
"V769",6,6,6,5,4,2,2,2,1
"V770",1,1,1,1,1,1,1,1,1
"V771",9,8,8,7,6,5,4,3,2
"V772",10,9,5,4,3,3,1,1,1
"V773",9,8,8,7,6,5,4,3,2
"V774",4,4,4,3,2,2,2,2,1
"V775",10,9,5,4,3,3,1,1,1
"V776",2,2,2,2,2,2,2,2,1
"V777",9,8,8,7,6,5,4,3,2
"V778",8,7,7,6,5,4,3,3,2
"V779",10,9,5,4,3,3,1,1,1
"V780",9,8,8,7,6,5,4,3,2
"V781",8,7,7,6,5,4,3,3,2
"V782",3,3,3,1,1,1,1,1,1
"V783",2,2,2,2,2,2,2,2,1
"V784",8,7,7,6,5,4,3,3,2
"V785",1,1,1,1,1,1,1,1,1
"V786",9,8,8,7,6,5,4,3,2
"V787",1,1,1,1,1,1,1,1,1
"V788",9,8,8,7,6,5,4,3,2
"V789",4,4,4,3,2,2,2,2,1
"V790",10,9,5,4,3,3,1,1,1
"V791",8,7,7,6,5,4,3,3,2
"V792",2,2,2,2,2,2,2,2,1
"V793",8,7,7,6,5,4,3,3,2
"V794",3,3,3,1,1,1,1,1,1
"V795",9,8,8,7,6,5,4,3,2
"V796",9,8,8,7,6,5,4,3,2
"V797",9,8,8,7,6,5,4,3,2
"V798",9,8,8,7,6,5,4,3,2
"V799",6,6,6,5,4,2,2,2,1
"V800",8,7,7,6,5,4,3,3,2
"V801",6,6,6,5,4,2,2,2,1
"V802",4,4,4,3,2,2,2,2,1
"V803",8,7,7,6,5,4,3,3,2
"V804",6,6,6,5,4,2,2,2,1
"V805",6,6,6,5,4,2,2,2,1
"V806",9,8,8,7,6,5,4,3,2
"V807",9,8,8,7,6,5,4,3,2
"V808",2,2,2,2,2,2,2,2,1
"V809",9,8,8,7,6,5,4,3,2
"V810",3,3,3,1,1,1,1,1,1
"V811",6,6,6,5,4,2,2,2,1
"V812",1,1,1,1,1,1,1,1,1
"V813",3,3,3,1,1,1,1,1,1
"V814",2,2,2,2,2,2,2,2,1
"V815",6,6,6,5,4,2,2,2,1
"V816",9,8,8,7,6,5,4,3,2
"V817",6,6,6,5,4,2,2,2,1
"V818",2,2,2,2,2,2,2,2,1
"V819",6,6,6,5,4,2,2,2,1
"V820",9,8,8,7,6,5,4,3,2
"V821",8,7,7,6,5,4,3,3,2
"V822",6,6,6,5,4,2,2,2,1
"V823",9,8,8,7,6,5,4,3,2
"V824",8,7,7,6,5,4,3,3,2
"V825",8,7,7,6,5,4,3,3,2
"V826",9,8,8,7,6,5,4,3,2
"V827",1,1,1,1,1,1,1,1,1
"V828",9,8,8,7,6,5,4,3,2
"V829",3,3,3,1,1,1,1,1,1
"V830",8,7,7,6,5,4,3,3,2
"V831",9,8,8,7,6,5,4,3,2
"V832",4,4,4,3,2,2,2,2,1
"V833",6,6,6,5,4,2,2,2,1
"V834",8,7,7,6,5,4,3,3,2
"V835",8,7,7,6,5,4,3,3,2
"V836",8,7,7,6,5,4,3,3,2
"V837",8,7,7,6,5,4,3,3,2
"V838",8,7,7,6,5,4,3,3,2
"V839",3,3,3,1,1,1,1,1,1
"V840",4,4,4,3,2,2,2,2,1
"V841",10,9,5,4,3,3,1,1,1
"V842",9,8,8,7,6,5,4,3,2
"V843",9,8,8,7,6,5,4,3,2
"V844",9,8,8,7,6,5,4,3,2
"V845",6,6,6,5,4,2,2,2,1
"V846",8,7,7,6,5,4,3,3,2
"V847",8,7,7,6,5,4,3,3,2
"V848",8,7,7,6,5,4,3,3,2
"V849",2,2,2,2,2,2,2,2,1
"V850",2,2,2,2,2,2,2,2,1
"V851",9,8,8,7,6,5,4,3,2
"V852",6,6,6,5,4,2,2,2,1
"V853",9,8,8,7,6,5,4,3,2
"V854",8,7,7,6,5,4,3,3,2
"V855",9,8,8,7,6,5,4,3,2
"V856",8,7,7,6,5,4,3,3,2
"V857",3,3,3,1,1,1,1,1,1
"V858",6,6,6,5,4,2,2,2,1
"V859",3,3,3,1,1,1,1,1,1
"V860",9,8,8,7,6,5,4,3,2
"V861",1,1,1,1,1,1,1,1,1
"V862",4,4,4,3,2,2,2,2,1
"V863",8,7,7,6,5,4,3,3,2
"V864",9,8,8,7,6,5,4,3,2
"V865",6,6,6,5,4,2,2,2,1
"V866",3,3,3,1,1,1,1,1,1
"V867",9,8,8,7,6,5,4,3,2
"V868",6,6,6,5,4,2,2,2,1
"V869",8,7,7,6,5,4,3,3,2
"V870",10,9,5,4,3,3,1,1,1
"V871",6,6,6,5,4,2,2,2,1
"V872",6,6,6,5,4,2,2,2,1
"V873",2,2,2,2,2,2,2,2,1
"V874",9,8,8,7,6,5,4,3,2
"V875",3,3,3,1,1,1,1,1,1
"V876",1,1,1,1,1,1,1,1,1
"V877",8,7,7,6,5,4,3,3,2
"V878",9,8,8,7,6,5,4,3,2
"V879",8,7,7,6,5,4,3,3,2
"V880",2,2,2,2,2,2,2,2,1
"V881",10,9,5,4,3,3,1,1,1
"V882",1,1,1,1,1,1,1,1,1
"V883",2,2,2,2,2,2,2,2,1
"V884",8,7,7,6,5,4,3,3,2
"V885",3,3,3,1,1,1,1,1,1
"V886",8,7,7,6,5,4,3,3,2
"V887",2,2,2,2,2,2,2,2,1
"V888",4,4,4,3,2,2,2,2,1
"V889",8,7,7,6,5,4,3,3,2
"V890",8,7,7,6,5,4,3,3,2
"V891",9,8,8,7,6,5,4,3,2
"V892",8,7,7,6,5,4,3,3,2
"V893",3,3,3,1,1,1,1,1,1
"V894",8,7,7,6,5,4,3,3,2
"V895",3,3,3,1,1,1,1,1,1
"V896",7,5,5,4,3,3,1,1,1
"V897",9,8,8,7,6,5,4,3,2
"V898",4,4,4,3,2,2,2,2,1
"V899",6,6,6,5,4,2,2,2,1
"V900",10,9,5,4,3,3,1,1,1
"V901",8,7,7,6,5,4,3,3,2
"V902",6,6,6,5,4,2,2,2,1
"V903",10,9,5,4,3,3,1,1,1
"V904",8,7,7,6,5,4,3,3,2
"V905",9,8,8,7,6,5,4,3,2
"V906",1,1,1,1,1,1,1,1,1
"V907",9,8,8,7,6,5,4,3,2
"V908",9,8,8,7,6,5,4,3,2
"V909",6,6,6,5,4,2,2,2,1
"V910",8,7,7,6,5,4,3,3,2
"V911",8,7,7,6,5,4,3,3,2
"V912",6,6,6,5,4,2,2,2,1
"V913",2,2,2,2,2,2,2,2,1
"V914",10,9,5,4,3,3,1,1,1
"V915",9,8,8,7,6,5,4,3,2
"V916",6,6,6,5,4,2,2,2,1
"V917",4,4,4,3,2,2,2,2,1
"V918",9,8,8,7,6,5,4,3,2
"V919",8,7,7,6,5,4,3,3,2
"V920",9,8,8,7,6,5,4,3,2
"V921",8,7,7,6,5,4,3,3,2
"V922",9,8,8,7,6,5,4,3,2
"V923",8,7,7,6,5,4,3,3,2
"V924",9,8,8,7,6,5,4,3,2
"V925",9,8,8,7,6,5,4,3,2
"V926",9,8,8,7,6,5,4,3,2
"V927",6,6,6,5,4,2,2,2,1
"V928",9,8,8,7,6,5,4,3,2
"V929",1,1,1,1,1,1,1,1,1
"V930",1,1,1,1,1,1,1,1,1
"V931",9,8,8,7,6,5,4,3,2
"V932",9,8,8,7,6,5,4,3,2
"V933",10,9,5,4,3,3,1,1,1
"V934",4,4,4,3,2,2,2,2,1
"V935",2,2,2,2,2,2,2,2,1
"V936",6,6,6,5,4,2,2,2,1
"V937",1,1,1,1,1,1,1,1,1
"V938",8,7,7,6,5,4,3,3,2
"V939",8,7,7,6,5,4,3,3,2
"V940",6,6,6,5,4,2,2,2,1
"V941",6,6,6,5,4,2,2,2,1
"V942",9,8,8,7,6,5,4,3,2
"V943",3,3,3,1,1,1,1,1,1
"V944",8,7,7,6,5,4,3,3,2
"V945",9,8,8,7,6,5,4,3,2
"V946",8,7,7,6,5,4,3,3,2
"V947",8,7,7,6,5,4,3,3,2
"V948",5,5,5,4,3,3,1,1,1
"V949",3,3,3,1,1,1,1,1,1
"V950",3,3,3,1,1,1,1,1,1
"V951",8,7,7,6,5,4,3,3,2
"V952",8,7,7,6,5,4,3,3,2
"V953",8,7,7,6,5,4,3,3,2
"V954",8,7,7,6,5,4,3,3,2
"V955",9,8,8,7,6,5,4,3,2
"V956",8,7,7,6,5,4,3,3,2
"V957",9,8,8,7,6,5,4,3,2
"V958",9,8,8,7,6,5,4,3,2
"V959",3,3,3,1,1,1,1,1,1
"V960",6,6,6,5,4,2,2,2,1
"V961",5,5,5,4,3,3,1,1,1
"V962",8,7,7,6,5,4,3,3,2
"V963",9,8,8,7,6,5,4,3,2
"V964",9,8,8,7,6,5,4,3,2
"V965",9,8,8,7,6,5,4,3,2
"V966",3,3,3,1,1,1,1,1,1
"V967",3,3,3,1,1,1,1,1,1
"V968",10,9,5,4,3,3,1,1,1
"V969",10,9,5,4,3,3,1,1,1
"V970",8,7,7,6,5,4,3,3,2
"V971",10,9,5,4,3,3,1,1,1
"V972",6,6,6,5,4,2,2,2,1
"V973",9,8,8,7,6,5,4,3,2
"V974",5,5,5,4,3,3,1,1,1
"V975",2,2,2,2,2,2,2,2,1
"V976",1,1,1,1,1,1,1,1,1
"V977",9,8,8,7,6,5,4,3,2
"V978",8,7,7,6,5,4,3,3,2
"V979",4,4,4,3,2,2,2,2,1
"V980",3,3,3,1,1,1,1,1,1
"V981",3,3,3,1,1,1,1,1,1
"V982",8,7,7,6,5,4,3,3,2
"V983",9,8,8,7,6,5,4,3,2
"V984",9,8,8,7,6,5,4,3,2
"V985",3,3,3,1,1,1,1,1,1
"V986",8,7,7,6,5,4,3,3,2
"V987",3,3,3,1,1,1,1,1,1
"V988",10,9,5,4,3,3,1,1,1
"V989",6,6,6,5,4,2,2,2,1
"V990",4,4,4,3,2,2,2,2,1
"V991",2,2,2,2,2,2,2,2,1
"V992",6,6,6,5,4,2,2,2,1
"V993",2,2,2,2,2,2,2,2,1
"V994",9,8,8,7,6,5,4,3,2
"V995",8,7,7,6,5,4,3,3,2
"V996",4,4,4,3,2,2,2,2,1
"V997",6,6,6,5,4,2,2,2,1
"V998",2,2,2,2,2,2,2,2,1
"V999",4,4,4,3,2,2,2,2,1
"V1000",9,8,8,7,6,5,4,3,2
