"","Cl_mat","cl_id","cl_id.1","cl_id.2","cl_id.3","cl_id.4","cl_id.5","cl_id.6","cl_id.7"
"V1",8,8,7,6,4,3,3,3,2
"V2",9,2,2,2,2,1,1,1,1
"V3",5,5,4,4,4,3,3,3,2
"V4",4,4,2,2,2,1,1,1,1
"V5",1,1,1,1,1,1,1,1,1
"V6",10,9,8,7,6,5,4,3,2
"V7",1,1,1,1,1,1,1,1,1
"V8",7,7,6,3,3,2,2,2,1
"V9",3,3,3,3,3,2,2,2,1
"V10",10,9,8,7,6,5,4,3,2
"V11",6,6,5,5,5,4,2,2,1
"V12",2,2,2,2,2,1,1,1,1
"V13",10,9,8,7,6,5,4,3,2
"V14",3,3,3,3,3,2,2,2,1
"V15",8,8,7,6,4,3,3,3,2
"V16",7,7,6,3,3,2,2,2,1
"V17",5,5,4,4,4,3,3,3,2
"V18",3,3,3,3,3,2,2,2,1
"V19",6,6,5,5,5,4,2,2,1
"V20",6,6,5,5,5,4,2,2,1
"V21",5,5,4,4,4,3,3,3,2
"V22",8,8,7,6,4,3,3,3,2
"V23",4,4,2,2,2,1,1,1,1
"V24",7,7,6,3,3,2,2,2,1
"V25",7,7,6,3,3,2,2,2,1
"V26",3,3,3,3,3,2,2,2,1
"V27",4,4,2,2,2,1,1,1,1
"V28",8,8,7,6,4,3,3,3,2
"V29",6,6,5,5,5,4,2,2,1
"V30",6,6,5,5,5,4,2,2,1
"V31",9,2,2,2,2,1,1,1,1
"V32",3,3,3,3,3,2,2,2,1
"V33",7,7,6,3,3,2,2,2,1
"V34",6,6,5,5,5,4,2,2,1
"V35",10,9,8,7,6,5,4,3,2
"V36",8,8,7,6,4,3,3,3,2
"V37",10,9,8,7,6,5,4,3,2
"V38",5,5,4,4,4,3,3,3,2
"V39",1,1,1,1,1,1,1,1,1
"V40",10,9,8,7,6,5,4,3,2
"V41",10,9,8,7,6,5,4,3,2
"V42",6,6,5,5,5,4,2,2,1
"V43",10,9,8,7,6,5,4,3,2
"V44",6,6,5,5,5,4,2,2,1
"V45",7,7,6,3,3,2,2,2,1
"V46",7,7,6,3,3,2,2,2,1
"V47",3,3,3,3,3,2,2,2,1
"V48",7,7,6,3,3,2,2,2,1
"V49",6,6,5,5,5,4,2,2,1
"V50",5,5,4,4,4,3,3,3,2
"V51",10,9,8,7,6,5,4,3,2
"V52",7,7,6,3,3,2,2,2,1
"V53",8,8,7,6,4,3,3,3,2
"V54",10,9,8,7,6,5,4,3,2
"V55",6,6,5,5,5,4,2,2,1
"V56",2,2,2,2,2,1,1,1,1
"V57",6,6,5,5,5,4,2,2,1
"V58",3,3,3,3,3,2,2,2,1
"V59",10,9,8,7,6,5,4,3,2
"V60",3,3,3,3,3,2,2,2,1
"V61",6,6,5,5,5,4,2,2,1
"V62",10,9,8,7,6,5,4,3,2
"V63",3,3,3,3,3,2,2,2,1
"V64",10,9,8,7,6,5,4,3,2
"V65",9,2,2,2,2,1,1,1,1
"V66",3,3,3,3,3,2,2,2,1
"V67",6,6,5,5,5,4,2,2,1
"V68",10,9,8,7,6,5,4,3,2
"V69",6,6,5,5,5,4,2,2,1
"V70",7,7,6,3,3,2,2,2,1
"V71",1,1,1,1,1,1,1,1,1
"V72",6,6,5,5,5,4,2,2,1
"V73",10,9,8,7,6,5,4,3,2
"V74",3,3,3,3,3,2,2,2,1
"V75",6,6,5,5,5,4,2,2,1
"V76",10,9,8,7,6,5,4,3,2
"V77",10,9,8,7,6,5,4,3,2
"V78",6,6,5,5,5,4,2,2,1
"V79",10,9,8,7,6,5,4,3,2
"V80",10,9,8,7,6,5,4,3,2
"V81",10,9,8,7,6,5,4,3,2
"V82",10,9,8,7,6,5,4,3,2
"V83",10,9,8,7,6,5,4,3,2
"V84",10,9,8,7,6,5,4,3,2
"V85",8,8,7,6,4,3,3,3,2
"V86",10,9,8,7,6,5,4,3,2
"V87",7,7,6,3,3,2,2,2,1
"V88",7,7,6,3,3,2,2,2,1
"V89",1,1,1,1,1,1,1,1,1
"V90",1,1,1,1,1,1,1,1,1
"V91",3,3,3,3,3,2,2,2,1
"V92",10,9,8,7,6,5,4,3,2
"V93",7,7,6,3,3,2,2,2,1
"V94",6,6,5,5,5,4,2,2,1
"V95",3,3,3,3,3,2,2,2,1
"V96",10,9,8,7,6,5,4,3,2
"V97",5,5,4,4,4,3,3,3,2
"V98",8,8,7,6,4,3,3,3,2
"V99",3,3,3,3,3,2,2,2,1
"V100",10,9,8,7,6,5,4,3,2
"V101",5,5,4,4,4,3,3,3,2
"V102",10,9,8,7,6,5,4,3,2
"V103",10,9,8,7,6,5,4,3,2
"V104",7,7,6,3,3,2,2,2,1
"V105",7,7,6,3,3,2,2,2,1
"V106",8,8,7,6,4,3,3,3,2
"V107",6,6,5,5,5,4,2,2,1
"V108",5,5,4,4,4,3,3,3,2
"V109",6,6,5,5,5,4,2,2,1
"V110",10,9,8,7,6,5,4,3,2
"V111",10,9,8,7,6,5,4,3,2
"V112",8,8,7,6,4,3,3,3,2
"V113",2,2,2,2,2,1,1,1,1
"V114",5,5,4,4,4,3,3,3,2
"V115",3,3,3,3,3,2,2,2,1
"V116",5,5,4,4,4,3,3,3,2
"V117",8,8,7,6,4,3,3,3,2
"V118",3,3,3,3,3,2,2,2,1
"V119",10,9,8,7,6,5,4,3,2
"V120",10,9,8,7,6,5,4,3,2
"V121",1,1,1,1,1,1,1,1,1
"V122",10,9,8,7,6,5,4,3,2
"V123",5,5,4,4,4,3,3,3,2
"V124",10,9,8,7,6,5,4,3,2
"V125",5,5,4,4,4,3,3,3,2
"V126",4,4,2,2,2,1,1,1,1
"V127",9,2,2,2,2,1,1,1,1
"V128",10,9,8,7,6,5,4,3,2
"V129",6,6,5,5,5,4,2,2,1
"V130",3,3,3,3,3,2,2,2,1
"V131",3,3,3,3,3,2,2,2,1
"V132",3,3,3,3,3,2,2,2,1
"V133",5,5,4,4,4,3,3,3,2
"V134",6,6,5,5,5,4,2,2,1
"V135",7,7,6,3,3,2,2,2,1
"V136",7,7,6,3,3,2,2,2,1
"V137",7,7,6,3,3,2,2,2,1
"V138",8,8,7,6,4,3,3,3,2
"V139",7,7,6,3,3,2,2,2,1
"V140",10,9,8,7,6,5,4,3,2
"V141",10,9,8,7,6,5,4,3,2
"V142",6,6,5,5,5,4,2,2,1
"V143",2,2,2,2,2,1,1,1,1
"V144",7,7,6,3,3,2,2,2,1
"V145",5,5,4,4,4,3,3,3,2
"V146",6,6,5,5,5,4,2,2,1
"V147",6,6,5,5,5,4,2,2,1
"V148",7,7,6,3,3,2,2,2,1
"V149",10,9,8,7,6,5,4,3,2
"V150",10,9,8,7,6,5,4,3,2
"V151",8,8,7,6,4,3,3,3,2
"V152",10,9,8,7,6,5,4,3,2
"V153",6,6,5,5,5,4,2,2,1
"V154",3,3,3,3,3,2,2,2,1
"V155",6,6,5,5,5,4,2,2,1
"V156",1,1,1,1,1,1,1,1,1
"V157",6,6,5,5,5,4,2,2,1
"V158",8,8,7,6,4,3,3,3,2
"V159",3,3,3,3,3,2,2,2,1
"V160",8,8,7,6,4,3,3,3,2
"V161",2,2,2,2,2,1,1,1,1
"V162",3,3,3,3,3,2,2,2,1
"V163",3,3,3,3,3,2,2,2,1
"V164",8,8,7,6,4,3,3,3,2
"V165",10,9,8,7,6,5,4,3,2
"V166",5,5,4,4,4,3,3,3,2
"V167",1,1,1,1,1,1,1,1,1
"V168",10,9,8,7,6,5,4,3,2
"V169",1,1,1,1,1,1,1,1,1
"V170",8,8,7,6,4,3,3,3,2
"V171",6,6,5,5,5,4,2,2,1
"V172",5,5,4,4,4,3,3,3,2
"V173",8,8,7,6,4,3,3,3,2
"V174",5,5,4,4,4,3,3,3,2
"V175",1,1,1,1,1,1,1,1,1
"V176",5,5,4,4,4,3,3,3,2
"V177",10,9,8,7,6,5,4,3,2
"V178",10,9,8,7,6,5,4,3,2
"V179",10,9,8,7,6,5,4,3,2
"V180",3,3,3,3,3,2,2,2,1
"V181",7,7,6,3,3,2,2,2,1
"V182",10,9,8,7,6,5,4,3,2
"V183",2,2,2,2,2,1,1,1,1
"V184",10,9,8,7,6,5,4,3,2
"V185",10,9,8,7,6,5,4,3,2
"V186",5,5,4,4,4,3,3,3,2
"V187",1,1,1,1,1,1,1,1,1
"V188",10,9,8,7,6,5,4,3,2
"V189",3,3,3,3,3,2,2,2,1
"V190",10,9,8,7,6,5,4,3,2
"V191",5,5,4,4,4,3,3,3,2
"V192",6,6,5,5,5,4,2,2,1
"V193",5,5,4,4,4,3,3,3,2
"V194",5,5,4,4,4,3,3,3,2
"V195",2,2,2,2,2,1,1,1,1
"V196",6,6,5,5,5,4,2,2,1
"V197",10,9,8,7,6,5,4,3,2
"V198",4,4,2,2,2,1,1,1,1
"V199",10,9,8,7,6,5,4,3,2
"V200",6,6,5,5,5,4,2,2,1
"V201",1,1,1,1,1,1,1,1,1
"V202",6,6,5,5,5,4,2,2,1
"V203",7,7,6,3,3,2,2,2,1
"V204",10,9,8,7,6,5,4,3,2
"V205",6,6,5,5,5,4,2,2,1
"V206",3,3,3,3,3,2,2,2,1
"V207",1,1,1,1,1,1,1,1,1
"V208",10,9,8,7,6,5,4,3,2
"V209",10,9,8,7,6,5,4,3,2
"V210",10,9,8,7,6,5,4,3,2
"V211",6,6,5,5,5,4,2,2,1
"V212",10,9,8,7,6,5,4,3,2
"V213",10,9,8,7,6,5,4,3,2
"V214",7,7,6,3,3,2,2,2,1
"V215",10,9,8,7,6,5,4,3,2
"V216",10,9,8,7,6,5,4,3,2
"V217",6,6,5,5,5,4,2,2,1
"V218",10,9,8,7,6,5,4,3,2
"V219",10,9,8,7,6,5,4,3,2
"V220",7,7,6,3,3,2,2,2,1
"V221",4,4,2,2,2,1,1,1,1
"V222",6,6,5,5,5,4,2,2,1
"V223",6,6,5,5,5,4,2,2,1
"V224",8,8,7,6,4,3,3,3,2
"V225",10,9,8,7,6,5,4,3,2
"V226",1,1,1,1,1,1,1,1,1
"V227",10,9,8,7,6,5,4,3,2
"V228",10,9,8,7,6,5,4,3,2
"V229",9,2,2,2,2,1,1,1,1
"V230",2,2,2,2,2,1,1,1,1
"V231",6,6,5,5,5,4,2,2,1
"V232",6,6,5,5,5,4,2,2,1
"V233",5,5,4,4,4,3,3,3,2
"V234",10,9,8,7,6,5,4,3,2
"V235",5,5,4,4,4,3,3,3,2
"V236",6,6,5,5,5,4,2,2,1
"V237",8,8,7,6,4,3,3,3,2
"V238",10,9,8,7,6,5,4,3,2
"V239",1,1,1,1,1,1,1,1,1
"V240",10,9,8,7,6,5,4,3,2
"V241",1,1,1,1,1,1,1,1,1
"V242",10,9,8,7,6,5,4,3,2
"V243",3,3,3,3,3,2,2,2,1
"V244",7,7,6,3,3,2,2,2,1
"V245",6,6,5,5,5,4,2,2,1
"V246",5,5,4,4,4,3,3,3,2
"V247",6,6,5,5,5,4,2,2,1
"V248",6,6,5,5,5,4,2,2,1
"V249",10,9,8,7,6,5,4,3,2
"V250",6,6,5,5,5,4,2,2,1
"V251",6,6,5,5,5,4,2,2,1
"V252",10,9,8,7,6,5,4,3,2
"V253",1,1,1,1,1,1,1,1,1
"V254",8,8,7,6,4,3,3,3,2
"V255",6,6,5,5,5,4,2,2,1
"V256",3,3,3,3,3,2,2,2,1
"V257",7,7,6,3,3,2,2,2,1
"V258",6,6,5,5,5,4,2,2,1
"V259",6,6,5,5,5,4,2,2,1
"V260",6,6,5,5,5,4,2,2,1
"V261",10,9,8,7,6,5,4,3,2
"V262",6,6,5,5,5,4,2,2,1
"V263",10,9,8,7,6,5,4,3,2
"V264",10,9,8,7,6,5,4,3,2
"V265",4,4,2,2,2,1,1,1,1
"V266",8,8,7,6,4,3,3,3,2
"V267",10,9,8,7,6,5,4,3,2
"V268",5,5,4,4,4,3,3,3,2
"V269",1,1,1,1,1,1,1,1,1
"V270",10,9,8,7,6,5,4,3,2
"V271",5,5,4,4,4,3,3,3,2
"V272",6,6,5,5,5,4,2,2,1
"V273",4,4,2,2,2,1,1,1,1
"V274",10,9,8,7,6,5,4,3,2
"V275",8,8,7,6,4,3,3,3,2
"V276",10,9,8,7,6,5,4,3,2
"V277",10,9,8,7,6,5,4,3,2
"V278",6,6,5,5,5,4,2,2,1
"V279",10,9,8,7,6,5,4,3,2
"V280",9,2,2,2,2,1,1,1,1
"V281",1,1,1,1,1,1,1,1,1
"V282",6,6,5,5,5,4,2,2,1
"V283",1,1,1,1,1,1,1,1,1
"V284",10,9,8,7,6,5,4,3,2
"V285",10,9,8,7,6,5,4,3,2
"V286",8,8,7,6,4,3,3,3,2
"V287",2,2,2,2,2,1,1,1,1
"V288",8,8,7,6,4,3,3,3,2
"V289",8,8,7,6,4,3,3,3,2
"V290",1,1,1,1,1,1,1,1,1
"V291",7,7,6,3,3,2,2,2,1
"V292",4,4,2,2,2,1,1,1,1
"V293",7,7,6,3,3,2,2,2,1
"V294",3,3,3,3,3,2,2,2,1
"V295",7,7,6,3,3,2,2,2,1
"V296",10,9,8,7,6,5,4,3,2
"V297",4,4,2,2,2,1,1,1,1
"V298",3,3,3,3,3,2,2,2,1
"V299",10,9,8,7,6,5,4,3,2
"V300",10,9,8,7,6,5,4,3,2
"V301",8,8,7,6,4,3,3,3,2
"V302",7,7,6,3,3,2,2,2,1
"V303",4,4,2,2,2,1,1,1,1
"V304",10,9,8,7,6,5,4,3,2
"V305",1,1,1,1,1,1,1,1,1
"V306",6,6,5,5,5,4,2,2,1
"V307",1,1,1,1,1,1,1,1,1
"V308",5,5,4,4,4,3,3,3,2
"V309",10,9,8,7,6,5,4,3,2
"V310",9,2,2,2,2,1,1,1,1
"V311",1,1,1,1,1,1,1,1,1
"V312",6,6,5,5,5,4,2,2,1
"V313",10,9,8,7,6,5,4,3,2
"V314",3,3,3,3,3,2,2,2,1
"V315",5,5,4,4,4,3,3,3,2
"V316",4,4,2,2,2,1,1,1,1
"V317",1,1,1,1,1,1,1,1,1
"V318",3,3,3,3,3,2,2,2,1
"V319",8,8,7,6,4,3,3,3,2
"V320",10,9,8,7,6,5,4,3,2
"V321",10,9,8,7,6,5,4,3,2
"V322",3,3,3,3,3,2,2,2,1
"V323",10,9,8,7,6,5,4,3,2
"V324",1,1,1,1,1,1,1,1,1
"V325",8,8,7,6,4,3,3,3,2
"V326",1,1,1,1,1,1,1,1,1
"V327",4,4,2,2,2,1,1,1,1
"V328",5,5,4,4,4,3,3,3,2
"V329",10,9,8,7,6,5,4,3,2
"V330",1,1,1,1,1,1,1,1,1
"V331",8,8,7,6,4,3,3,3,2
"V332",3,3,3,3,3,2,2,2,1
"V333",6,6,5,5,5,4,2,2,1
"V334",6,6,5,5,5,4,2,2,1
"V335",10,9,8,7,6,5,4,3,2
"V336",9,2,2,2,2,1,1,1,1
"V337",3,3,3,3,3,2,2,2,1
"V338",5,5,4,4,4,3,3,3,2
"V339",1,1,1,1,1,1,1,1,1
"V340",7,7,6,3,3,2,2,2,1
"V341",1,1,1,1,1,1,1,1,1
"V342",3,3,3,3,3,2,2,2,1
"V343",10,9,8,7,6,5,4,3,2
"V344",3,3,3,3,3,2,2,2,1
"V345",4,4,2,2,2,1,1,1,1
"V346",6,6,5,5,5,4,2,2,1
"V347",1,1,1,1,1,1,1,1,1
"V348",6,6,5,5,5,4,2,2,1
"V349",3,3,3,3,3,2,2,2,1
"V350",10,9,8,7,6,5,4,3,2
"V351",8,8,7,6,4,3,3,3,2
"V352",5,5,4,4,4,3,3,3,2
"V353",8,8,7,6,4,3,3,3,2
"V354",9,2,2,2,2,1,1,1,1
"V355",10,9,8,7,6,5,4,3,2
"V356",3,3,3,3,3,2,2,2,1
"V357",6,6,5,5,5,4,2,2,1
"V358",10,9,8,7,6,5,4,3,2
"V359",6,6,5,5,5,4,2,2,1
"V360",7,7,6,3,3,2,2,2,1
"V361",1,1,1,1,1,1,1,1,1
"V362",1,1,1,1,1,1,1,1,1
"V363",1,1,1,1,1,1,1,1,1
"V364",6,6,5,5,5,4,2,2,1
"V365",10,9,8,7,6,5,4,3,2
"V366",8,8,7,6,4,3,3,3,2
"V367",6,6,5,5,5,4,2,2,1
"V368",7,7,6,3,3,2,2,2,1
"V369",6,6,5,5,5,4,2,2,1
"V370",5,5,4,4,4,3,3,3,2
"V371",10,9,8,7,6,5,4,3,2
"V372",5,5,4,4,4,3,3,3,2
"V373",8,8,7,6,4,3,3,3,2
"V374",3,3,3,3,3,2,2,2,1
"V375",3,3,3,3,3,2,2,2,1
"V376",6,6,5,5,5,4,2,2,1
"V377",10,9,8,7,6,5,4,3,2
"V378",10,9,8,7,6,5,4,3,2
"V379",1,1,1,1,1,1,1,1,1
"V380",3,3,3,3,3,2,2,2,1
"V381",4,4,2,2,2,1,1,1,1
"V382",10,9,8,7,6,5,4,3,2
"V383",1,1,1,1,1,1,1,1,1
"V384",10,9,8,7,6,5,4,3,2
"V385",5,5,4,4,4,3,3,3,2
"V386",10,9,8,7,6,5,4,3,2
"V387",8,8,7,6,4,3,3,3,2
"V388",6,6,5,5,5,4,2,2,1
"V389",10,9,8,7,6,5,4,3,2
"V390",3,3,3,3,3,2,2,2,1
"V391",10,9,8,7,6,5,4,3,2
"V392",3,3,3,3,3,2,2,2,1
"V393",10,9,8,7,6,5,4,3,2
"V394",9,2,2,2,2,1,1,1,1
"V395",9,2,2,2,2,1,1,1,1
"V396",10,9,8,7,6,5,4,3,2
"V397",8,8,7,6,4,3,3,3,2
"V398",10,9,8,7,6,5,4,3,2
"V399",4,4,2,2,2,1,1,1,1
"V400",7,7,6,3,3,2,2,2,1
"V401",1,1,1,1,1,1,1,1,1
"V402",5,5,4,4,4,3,3,3,2
"V403",8,8,7,6,4,3,3,3,2
"V404",10,9,8,7,6,5,4,3,2
"V405",6,6,5,5,5,4,2,2,1
"V406",3,3,3,3,3,2,2,2,1
"V407",5,5,4,4,4,3,3,3,2
"V408",1,1,1,1,1,1,1,1,1
"V409",8,8,7,6,4,3,3,3,2
"V410",6,6,5,5,5,4,2,2,1
"V411",8,8,7,6,4,3,3,3,2
"V412",6,6,5,5,5,4,2,2,1
"V413",7,7,6,3,3,2,2,2,1
"V414",8,8,7,6,4,3,3,3,2
"V415",1,1,1,1,1,1,1,1,1
"V416",1,1,1,1,1,1,1,1,1
"V417",1,1,1,1,1,1,1,1,1
"V418",10,9,8,7,6,5,4,3,2
"V419",6,6,5,5,5,4,2,2,1
"V420",3,3,3,3,3,2,2,2,1
"V421",10,9,8,7,6,5,4,3,2
"V422",3,3,3,3,3,2,2,2,1
"V423",3,3,3,3,3,2,2,2,1
"V424",10,9,8,7,6,5,4,3,2
"V425",5,5,4,4,4,3,3,3,2
"V426",5,5,4,4,4,3,3,3,2
"V427",6,6,5,5,5,4,2,2,1
"V428",10,9,8,7,6,5,4,3,2
"V429",3,3,3,3,3,2,2,2,1
"V430",6,6,5,5,5,4,2,2,1
"V431",10,9,8,7,6,5,4,3,2
"V432",9,2,2,2,2,1,1,1,1
"V433",7,7,6,3,3,2,2,2,1
"V434",10,9,8,7,6,5,4,3,2
"V435",6,6,5,5,5,4,2,2,1
"V436",1,1,1,1,1,1,1,1,1
"V437",10,9,8,7,6,5,4,3,2
"V438",1,1,1,1,1,1,1,1,1
"V439",10,9,8,7,6,5,4,3,2
"V440",10,9,8,7,6,5,4,3,2
"V441",6,6,5,5,5,4,2,2,1
"V442",6,6,5,5,5,4,2,2,1
"V443",2,2,2,2,2,1,1,1,1
"V444",10,9,8,7,6,5,4,3,2
"V445",6,6,5,5,5,4,2,2,1
"V446",5,5,4,4,4,3,3,3,2
"V447",5,5,4,4,4,3,3,3,2
"V448",8,8,7,6,4,3,3,3,2
"V449",5,5,4,4,4,3,3,3,2
"V450",5,5,4,4,4,3,3,3,2
"V451",4,4,2,2,2,1,1,1,1
"V452",10,9,8,7,6,5,4,3,2
"V453",10,9,8,7,6,5,4,3,2
"V454",3,3,3,3,3,2,2,2,1
"V455",10,9,8,7,6,5,4,3,2
"V456",7,7,6,3,3,2,2,2,1
"V457",8,8,7,6,4,3,3,3,2
"V458",8,8,7,6,4,3,3,3,2
"V459",5,5,4,4,4,3,3,3,2
"V460",10,9,8,7,6,5,4,3,2
"V461",6,6,5,5,5,4,2,2,1
"V462",3,3,3,3,3,2,2,2,1
"V463",6,6,5,5,5,4,2,2,1
"V464",3,3,3,3,3,2,2,2,1
"V465",5,5,4,4,4,3,3,3,2
"V466",4,4,2,2,2,1,1,1,1
"V467",10,9,8,7,6,5,4,3,2
"V468",3,3,3,3,3,2,2,2,1
"V469",6,6,5,5,5,4,2,2,1
"V470",3,3,3,3,3,2,2,2,1
"V471",10,9,8,7,6,5,4,3,2
"V472",3,3,3,3,3,2,2,2,1
"V473",4,4,2,2,2,1,1,1,1
"V474",10,9,8,7,6,5,4,3,2
"V475",10,9,8,7,6,5,4,3,2
"V476",6,6,5,5,5,4,2,2,1
"V477",10,9,8,7,6,5,4,3,2
"V478",10,9,8,7,6,5,4,3,2
"V479",9,2,2,2,2,1,1,1,1
"V480",1,1,1,1,1,1,1,1,1
"V481",10,9,8,7,6,5,4,3,2
"V482",6,6,5,5,5,4,2,2,1
"V483",6,6,5,5,5,4,2,2,1
"V484",6,6,5,5,5,4,2,2,1
"V485",6,6,5,5,5,4,2,2,1
"V486",7,7,6,3,3,2,2,2,1
"V487",7,7,6,3,3,2,2,2,1
"V488",10,9,8,7,6,5,4,3,2
"V489",3,3,3,3,3,2,2,2,1
"V490",10,9,8,7,6,5,4,3,2
"V491",6,6,5,5,5,4,2,2,1
"V492",6,6,5,5,5,4,2,2,1
"V493",5,5,4,4,4,3,3,3,2
"V494",3,3,3,3,3,2,2,2,1
"V495",6,6,5,5,5,4,2,2,1
"V496",4,4,2,2,2,1,1,1,1
"V497",6,6,5,5,5,4,2,2,1
"V498",3,3,3,3,3,2,2,2,1
"V499",6,6,5,5,5,4,2,2,1
"V500",3,3,3,3,3,2,2,2,1
"V501",8,8,7,6,4,3,3,3,2
"V502",8,8,7,6,4,3,3,3,2
"V503",10,9,8,7,6,5,4,3,2
"V504",6,6,5,5,5,4,2,2,1
"V505",7,7,6,3,3,2,2,2,1
"V506",5,5,4,4,4,3,3,3,2
"V507",5,5,4,4,4,3,3,3,2
"V508",10,9,8,7,6,5,4,3,2
"V509",8,8,7,6,4,3,3,3,2
"V510",7,7,6,3,3,2,2,2,1
"V511",8,8,7,6,4,3,3,3,2
"V512",10,9,8,7,6,5,4,3,2
"V513",7,7,6,3,3,2,2,2,1
"V514",4,4,2,2,2,1,1,1,1
"V515",4,4,2,2,2,1,1,1,1
"V516",7,7,6,3,3,2,2,2,1
"V517",8,8,7,6,4,3,3,3,2
"V518",4,4,2,2,2,1,1,1,1
"V519",7,7,6,3,3,2,2,2,1
"V520",1,1,1,1,1,1,1,1,1
"V521",4,4,2,2,2,1,1,1,1
"V522",8,8,7,6,4,3,3,3,2
"V523",3,3,3,3,3,2,2,2,1
"V524",8,8,7,6,4,3,3,3,2
"V525",6,6,5,5,5,4,2,2,1
"V526",3,3,3,3,3,2,2,2,1
"V527",6,6,5,5,5,4,2,2,1
"V528",8,8,7,6,4,3,3,3,2
"V529",10,9,8,7,6,5,4,3,2
"V530",5,5,4,4,4,3,3,3,2
"V531",3,3,3,3,3,2,2,2,1
"V532",10,9,8,7,6,5,4,3,2
"V533",7,7,6,3,3,2,2,2,1
"V534",2,2,2,2,2,1,1,1,1
"V535",6,6,5,5,5,4,2,2,1
"V536",4,4,2,2,2,1,1,1,1
"V537",6,6,5,5,5,4,2,2,1
"V538",5,5,4,4,4,3,3,3,2
"V539",10,9,8,7,6,5,4,3,2
"V540",10,9,8,7,6,5,4,3,2
"V541",8,8,7,6,4,3,3,3,2
"V542",10,9,8,7,6,5,4,3,2
"V543",10,9,8,7,6,5,4,3,2
"V544",1,1,1,1,1,1,1,1,1
"V545",3,3,3,3,3,2,2,2,1
"V546",1,1,1,1,1,1,1,1,1
"V547",10,9,8,7,6,5,4,3,2
"V548",10,9,8,7,6,5,4,3,2
"V549",7,7,6,3,3,2,2,2,1
"V550",10,9,8,7,6,5,4,3,2
"V551",1,1,1,1,1,1,1,1,1
"V552",8,8,7,6,4,3,3,3,2
"V553",10,9,8,7,6,5,4,3,2
"V554",3,3,3,3,3,2,2,2,1
"V555",3,3,3,3,3,2,2,2,1
"V556",6,6,5,5,5,4,2,2,1
"V557",6,6,5,5,5,4,2,2,1
"V558",2,2,2,2,2,1,1,1,1
"V559",6,6,5,5,5,4,2,2,1
"V560",8,8,7,6,4,3,3,3,2
"V561",10,9,8,7,6,5,4,3,2
"V562",7,7,6,3,3,2,2,2,1
"V563",5,5,4,4,4,3,3,3,2
"V564",10,9,8,7,6,5,4,3,2
"V565",1,1,1,1,1,1,1,1,1
"V566",7,7,6,3,3,2,2,2,1
"V567",4,4,2,2,2,1,1,1,1
"V568",3,3,3,3,3,2,2,2,1
"V569",8,8,7,6,4,3,3,3,2
"V570",3,3,3,3,3,2,2,2,1
"V571",8,8,7,6,4,3,3,3,2
"V572",1,1,1,1,1,1,1,1,1
"V573",1,1,1,1,1,1,1,1,1
"V574",6,6,5,5,5,4,2,2,1
"V575",3,3,3,3,3,2,2,2,1
"V576",5,5,4,4,4,3,3,3,2
"V577",10,9,8,7,6,5,4,3,2
"V578",7,7,6,3,3,2,2,2,1
"V579",5,5,4,4,4,3,3,3,2
"V580",3,3,3,3,3,2,2,2,1
"V581",10,9,8,7,6,5,4,3,2
"V582",8,8,7,6,4,3,3,3,2
"V583",7,7,6,3,3,2,2,2,1
"V584",6,6,5,5,5,4,2,2,1
"V585",8,8,7,6,4,3,3,3,2
"V586",3,3,3,3,3,2,2,2,1
"V587",10,9,8,7,6,5,4,3,2
"V588",7,7,6,3,3,2,2,2,1
"V589",6,6,5,5,5,4,2,2,1
"V590",6,6,5,5,5,4,2,2,1
"V591",5,5,4,4,4,3,3,3,2
"V592",1,1,1,1,1,1,1,1,1
"V593",1,1,1,1,1,1,1,1,1
"V594",8,8,7,6,4,3,3,3,2
"V595",8,8,7,6,4,3,3,3,2
"V596",3,3,3,3,3,2,2,2,1
"V597",6,6,5,5,5,4,2,2,1
"V598",7,7,6,3,3,2,2,2,1
"V599",3,3,3,3,3,2,2,2,1
"V600",6,6,5,5,5,4,2,2,1
"V601",9,2,2,2,2,1,1,1,1
"V602",3,3,3,3,3,2,2,2,1
"V603",8,8,7,6,4,3,3,3,2
"V604",10,9,8,7,6,5,4,3,2
"V605",1,1,1,1,1,1,1,1,1
"V606",4,4,2,2,2,1,1,1,1
"V607",10,9,8,7,6,5,4,3,2
"V608",5,5,4,4,4,3,3,3,2
"V609",10,9,8,7,6,5,4,3,2
"V610",8,8,7,6,4,3,3,3,2
"V611",4,4,2,2,2,1,1,1,1
"V612",6,6,5,5,5,4,2,2,1
"V613",10,9,8,7,6,5,4,3,2
"V614",5,5,4,4,4,3,3,3,2
"V615",6,6,5,5,5,4,2,2,1
"V616",6,6,5,5,5,4,2,2,1
"V617",10,9,8,7,6,5,4,3,2
"V618",8,8,7,6,4,3,3,3,2
"V619",6,6,5,5,5,4,2,2,1
"V620",5,5,4,4,4,3,3,3,2
"V621",10,9,8,7,6,5,4,3,2
"V622",10,9,8,7,6,5,4,3,2
"V623",10,9,8,7,6,5,4,3,2
"V624",3,3,3,3,3,2,2,2,1
"V625",10,9,8,7,6,5,4,3,2
"V626",6,6,5,5,5,4,2,2,1
"V627",10,9,8,7,6,5,4,3,2
"V628",7,7,6,3,3,2,2,2,1
"V629",6,6,5,5,5,4,2,2,1
"V630",8,8,7,6,4,3,3,3,2
"V631",3,3,3,3,3,2,2,2,1
"V632",6,6,5,5,5,4,2,2,1
"V633",10,9,8,7,6,5,4,3,2
"V634",4,4,2,2,2,1,1,1,1
"V635",1,1,1,1,1,1,1,1,1
"V636",3,3,3,3,3,2,2,2,1
"V637",6,6,5,5,5,4,2,2,1
"V638",9,2,2,2,2,1,1,1,1
"V639",10,9,8,7,6,5,4,3,2
"V640",8,8,7,6,4,3,3,3,2
"V641",1,1,1,1,1,1,1,1,1
"V642",3,3,3,3,3,2,2,2,1
"V643",6,6,5,5,5,4,2,2,1
"V644",6,6,5,5,5,4,2,2,1
"V645",8,8,7,6,4,3,3,3,2
"V646",3,3,3,3,3,2,2,2,1
"V647",6,6,5,5,5,4,2,2,1
"V648",8,8,7,6,4,3,3,3,2
"V649",5,5,4,4,4,3,3,3,2
"V650",6,6,5,5,5,4,2,2,1
"V651",3,3,3,3,3,2,2,2,1
"V652",10,9,8,7,6,5,4,3,2
"V653",5,5,4,4,4,3,3,3,2
"V654",10,9,8,7,6,5,4,3,2
"V655",6,6,5,5,5,4,2,2,1
"V656",5,5,4,4,4,3,3,3,2
"V657",1,1,1,1,1,1,1,1,1
"V658",6,6,5,5,5,4,2,2,1
"V659",8,8,7,6,4,3,3,3,2
"V660",3,3,3,3,3,2,2,2,1
"V661",3,3,3,3,3,2,2,2,1
"V662",8,8,7,6,4,3,3,3,2
"V663",8,8,7,6,4,3,3,3,2
"V664",6,6,5,5,5,4,2,2,1
"V665",3,3,3,3,3,2,2,2,1
"V666",8,8,7,6,4,3,3,3,2
"V667",10,9,8,7,6,5,4,3,2
"V668",10,9,8,7,6,5,4,3,2
"V669",10,9,8,7,6,5,4,3,2
"V670",6,6,5,5,5,4,2,2,1
"V671",7,7,6,3,3,2,2,2,1
"V672",9,2,2,2,2,1,1,1,1
"V673",6,6,5,5,5,4,2,2,1
"V674",8,8,7,6,4,3,3,3,2
"V675",3,3,3,3,3,2,2,2,1
"V676",8,8,7,6,4,3,3,3,2
"V677",7,7,6,3,3,2,2,2,1
"V678",8,8,7,6,4,3,3,3,2
"V679",8,8,7,6,4,3,3,3,2
"V680",3,3,3,3,3,2,2,2,1
"V681",5,5,4,4,4,3,3,3,2
"V682",9,2,2,2,2,1,1,1,1
"V683",5,5,4,4,4,3,3,3,2
"V684",8,8,7,6,4,3,3,3,2
"V685",5,5,4,4,4,3,3,3,2
"V686",6,6,5,5,5,4,2,2,1
"V687",4,4,2,2,2,1,1,1,1
"V688",10,9,8,7,6,5,4,3,2
"V689",6,6,5,5,5,4,2,2,1
"V690",6,6,5,5,5,4,2,2,1
"V691",6,6,5,5,5,4,2,2,1
"V692",8,8,7,6,4,3,3,3,2
"V693",10,9,8,7,6,5,4,3,2
"V694",10,9,8,7,6,5,4,3,2
"V695",5,5,4,4,4,3,3,3,2
"V696",10,9,8,7,6,5,4,3,2
"V697",6,6,5,5,5,4,2,2,1
"V698",5,5,4,4,4,3,3,3,2
"V699",5,5,4,4,4,3,3,3,2
"V700",6,6,5,5,5,4,2,2,1
"V701",8,8,7,6,4,3,3,3,2
"V702",10,9,8,7,6,5,4,3,2
"V703",10,9,8,7,6,5,4,3,2
"V704",1,1,1,1,1,1,1,1,1
"V705",6,6,5,5,5,4,2,2,1
"V706",6,6,5,5,5,4,2,2,1
"V707",10,9,8,7,6,5,4,3,2
"V708",7,7,6,3,3,2,2,2,1
"V709",10,9,8,7,6,5,4,3,2
"V710",3,3,3,3,3,2,2,2,1
"V711",10,9,8,7,6,5,4,3,2
"V712",10,9,8,7,6,5,4,3,2
"V713",9,2,2,2,2,1,1,1,1
"V714",6,6,5,5,5,4,2,2,1
"V715",10,9,8,7,6,5,4,3,2
"V716",9,2,2,2,2,1,1,1,1
"V717",6,6,5,5,5,4,2,2,1
"V718",10,9,8,7,6,5,4,3,2
"V719",6,6,5,5,5,4,2,2,1
"V720",10,9,8,7,6,5,4,3,2
"V721",10,9,8,7,6,5,4,3,2
"V722",5,5,4,4,4,3,3,3,2
"V723",8,8,7,6,4,3,3,3,2
"V724",1,1,1,1,1,1,1,1,1
"V725",7,7,6,3,3,2,2,2,1
"V726",10,9,8,7,6,5,4,3,2
"V727",3,3,3,3,3,2,2,2,1
"V728",10,9,8,7,6,5,4,3,2
"V729",6,6,5,5,5,4,2,2,1
"V730",8,8,7,6,4,3,3,3,2
"V731",1,1,1,1,1,1,1,1,1
"V732",5,5,4,4,4,3,3,3,2
"V733",7,7,6,3,3,2,2,2,1
"V734",4,4,2,2,2,1,1,1,1
"V735",10,9,8,7,6,5,4,3,2
"V736",10,9,8,7,6,5,4,3,2
"V737",6,6,5,5,5,4,2,2,1
"V738",4,4,2,2,2,1,1,1,1
"V739",4,4,2,2,2,1,1,1,1
"V740",3,3,3,3,3,2,2,2,1
"V741",1,1,1,1,1,1,1,1,1
"V742",10,9,8,7,6,5,4,3,2
"V743",8,8,7,6,4,3,3,3,2
"V744",2,2,2,2,2,1,1,1,1
"V745",5,5,4,4,4,3,3,3,2
"V746",1,1,1,1,1,1,1,1,1
"V747",3,3,3,3,3,2,2,2,1
"V748",6,6,5,5,5,4,2,2,1
"V749",4,4,2,2,2,1,1,1,1
"V750",10,9,8,7,6,5,4,3,2
"V751",8,8,7,6,4,3,3,3,2
"V752",10,9,8,7,6,5,4,3,2
"V753",3,3,3,3,3,2,2,2,1
"V754",4,4,2,2,2,1,1,1,1
"V755",5,5,4,4,4,3,3,3,2
"V756",8,8,7,6,4,3,3,3,2
"V757",1,1,1,1,1,1,1,1,1
"V758",8,8,7,6,4,3,3,3,2
"V759",7,7,6,3,3,2,2,2,1
"V760",10,9,8,7,6,5,4,3,2
"V761",10,9,8,7,6,5,4,3,2
"V762",6,6,5,5,5,4,2,2,1
"V763",8,8,7,6,4,3,3,3,2
"V764",1,1,1,1,1,1,1,1,1
"V765",10,9,8,7,6,5,4,3,2
"V766",6,6,5,5,5,4,2,2,1
"V767",3,3,3,3,3,2,2,2,1
"V768",4,4,2,2,2,1,1,1,1
"V769",3,3,3,3,3,2,2,2,1
"V770",4,4,2,2,2,1,1,1,1
"V771",6,6,5,5,5,4,2,2,1
"V772",5,5,4,4,4,3,3,3,2
"V773",6,6,5,5,5,4,2,2,1
"V774",9,2,2,2,2,1,1,1,1
"V775",5,5,4,4,4,3,3,3,2
"V776",7,7,6,3,3,2,2,2,1
"V777",6,6,5,5,5,4,2,2,1
"V778",10,9,8,7,6,5,4,3,2
"V779",5,5,4,4,4,3,3,3,2
"V780",6,6,5,5,5,4,2,2,1
"V781",10,9,8,7,6,5,4,3,2
"V782",1,1,1,1,1,1,1,1,1
"V783",7,7,6,3,3,2,2,2,1
"V784",10,9,8,7,6,5,4,3,2
"V785",4,4,2,2,2,1,1,1,1
"V786",6,6,5,5,5,4,2,2,1
"V787",4,4,2,2,2,1,1,1,1
"V788",6,6,5,5,5,4,2,2,1
"V789",8,8,7,6,4,3,3,3,2
"V790",8,8,7,6,4,3,3,3,2
"V791",10,9,8,7,6,5,4,3,2
"V792",7,7,6,3,3,2,2,2,1
"V793",10,9,8,7,6,5,4,3,2
"V794",1,1,1,1,1,1,1,1,1
"V795",6,6,5,5,5,4,2,2,1
"V796",6,6,5,5,5,4,2,2,1
"V797",6,6,5,5,5,4,2,2,1
"V798",6,6,5,5,5,4,2,2,1
"V799",3,3,3,3,3,2,2,2,1
"V800",10,9,8,7,6,5,4,3,2
"V801",3,3,3,3,3,2,2,2,1
"V802",8,8,7,6,4,3,3,3,2
"V803",8,8,7,6,4,3,3,3,2
"V804",3,3,3,3,3,2,2,2,1
"V805",3,3,3,3,3,2,2,2,1
"V806",6,6,5,5,5,4,2,2,1
"V807",6,6,5,5,5,4,2,2,1
"V808",7,7,6,3,3,2,2,2,1
"V809",6,6,5,5,5,4,2,2,1
"V810",1,1,1,1,1,1,1,1,1
"V811",3,3,3,3,3,2,2,2,1
"V812",4,4,2,2,2,1,1,1,1
"V813",1,1,1,1,1,1,1,1,1
"V814",7,7,6,3,3,2,2,2,1
"V815",3,3,3,3,3,2,2,2,1
"V816",10,9,8,7,6,5,4,3,2
"V817",3,3,3,3,3,2,2,2,1
"V818",7,7,6,3,3,2,2,2,1
"V819",10,9,8,7,6,5,4,3,2
"V820",6,6,5,5,5,4,2,2,1
"V821",10,9,8,7,6,5,4,3,2
"V822",8,8,7,6,4,3,3,3,2
"V823",10,9,8,7,6,5,4,3,2
"V824",8,8,7,6,4,3,3,3,2
"V825",8,8,7,6,4,3,3,3,2
"V826",10,9,8,7,6,5,4,3,2
"V827",4,4,2,2,2,1,1,1,1
"V828",6,6,5,5,5,4,2,2,1
"V829",1,1,1,1,1,1,1,1,1
"V830",10,9,8,7,6,5,4,3,2
"V831",10,9,8,7,6,5,4,3,2
"V832",8,8,7,6,4,3,3,3,2
"V833",3,3,3,3,3,2,2,2,1
"V834",8,8,7,6,4,3,3,3,2
"V835",8,8,7,6,4,3,3,3,2
"V836",8,8,7,6,4,3,3,3,2
"V837",10,9,8,7,6,5,4,3,2
"V838",10,9,8,7,6,5,4,3,2
"V839",1,1,1,1,1,1,1,1,1
"V840",8,8,7,6,4,3,3,3,2
"V841",5,5,4,4,4,3,3,3,2
"V842",6,6,5,5,5,4,2,2,1
"V843",6,6,5,5,5,4,2,2,1
"V844",6,6,5,5,5,4,2,2,1
"V845",3,3,3,3,3,2,2,2,1
"V846",10,9,8,7,6,5,4,3,2
"V847",10,9,8,7,6,5,4,3,2
"V848",10,9,8,7,6,5,4,3,2
"V849",7,7,6,3,3,2,2,2,1
"V850",7,7,6,3,3,2,2,2,1
"V851",6,6,5,5,5,4,2,2,1
"V852",3,3,3,3,3,2,2,2,1
"V853",6,6,5,5,5,4,2,2,1
"V854",10,9,8,7,6,5,4,3,2
"V855",6,6,5,5,5,4,2,2,1
"V856",10,9,8,7,6,5,4,3,2
"V857",1,1,1,1,1,1,1,1,1
"V858",10,9,8,7,6,5,4,3,2
"V859",1,1,1,1,1,1,1,1,1
"V860",6,6,5,5,5,4,2,2,1
"V861",4,4,2,2,2,1,1,1,1
"V862",9,2,2,2,2,1,1,1,1
"V863",10,9,8,7,6,5,4,3,2
"V864",6,6,5,5,5,4,2,2,1
"V865",3,3,3,3,3,2,2,2,1
"V866",1,1,1,1,1,1,1,1,1
"V867",10,9,8,7,6,5,4,3,2
"V868",3,3,3,3,3,2,2,2,1
"V869",10,9,8,7,6,5,4,3,2
"V870",5,5,4,4,4,3,3,3,2
"V871",3,3,3,3,3,2,2,2,1
"V872",3,3,3,3,3,2,2,2,1
"V873",7,7,6,3,3,2,2,2,1
"V874",6,6,5,5,5,4,2,2,1
"V875",1,1,1,1,1,1,1,1,1
"V876",4,4,2,2,2,1,1,1,1
"V877",10,9,8,7,6,5,4,3,2
"V878",6,6,5,5,5,4,2,2,1
"V879",10,9,8,7,6,5,4,3,2
"V880",7,7,6,3,3,2,2,2,1
"V881",5,5,4,4,4,3,3,3,2
"V882",4,4,2,2,2,1,1,1,1
"V883",7,7,6,3,3,2,2,2,1
"V884",10,9,8,7,6,5,4,3,2
"V885",1,1,1,1,1,1,1,1,1
"V886",10,9,8,7,6,5,4,3,2
"V887",7,7,6,3,3,2,2,2,1
"V888",8,8,7,6,4,3,3,3,2
"V889",10,9,8,7,6,5,4,3,2
"V890",8,8,7,6,4,3,3,3,2
"V891",6,6,5,5,5,4,2,2,1
"V892",8,8,7,6,4,3,3,3,2
"V893",1,1,1,1,1,1,1,1,1
"V894",10,9,8,7,6,5,4,3,2
"V895",1,1,1,1,1,1,1,1,1
"V896",2,2,2,2,2,1,1,1,1
"V897",6,6,5,5,5,4,2,2,1
"V898",8,8,7,6,4,3,3,3,2
"V899",3,3,3,3,3,2,2,2,1
"V900",5,5,4,4,4,3,3,3,2
"V901",10,9,8,7,6,5,4,3,2
"V902",3,3,3,3,3,2,2,2,1
"V903",5,5,4,4,4,3,3,3,2
"V904",10,9,8,7,6,5,4,3,2
"V905",6,6,5,5,5,4,2,2,1
"V906",4,4,2,2,2,1,1,1,1
"V907",6,6,5,5,5,4,2,2,1
"V908",6,6,5,5,5,4,2,2,1
"V909",3,3,3,3,3,2,2,2,1
"V910",10,9,8,7,6,5,4,3,2
"V911",10,9,8,7,6,5,4,3,2
"V912",10,9,8,7,6,5,4,3,2
"V913",7,7,6,3,3,2,2,2,1
"V914",5,5,4,4,4,3,3,3,2
"V915",10,9,8,7,6,5,4,3,2
"V916",3,3,3,3,3,2,2,2,1
"V917",9,2,2,2,2,1,1,1,1
"V918",6,6,5,5,5,4,2,2,1
"V919",10,9,8,7,6,5,4,3,2
"V920",6,6,5,5,5,4,2,2,1
"V921",10,9,8,7,6,5,4,3,2
"V922",6,6,5,5,5,4,2,2,1
"V923",10,9,8,7,6,5,4,3,2
"V924",6,6,5,5,5,4,2,2,1
"V925",10,9,8,7,6,5,4,3,2
"V926",6,6,5,5,5,4,2,2,1
"V927",3,3,3,3,3,2,2,2,1
"V928",6,6,5,5,5,4,2,2,1
"V929",4,4,2,2,2,1,1,1,1
"V930",4,4,2,2,2,1,1,1,1
"V931",6,6,5,5,5,4,2,2,1
"V932",6,6,5,5,5,4,2,2,1
"V933",5,5,4,4,4,3,3,3,2
"V934",8,8,7,6,4,3,3,3,2
"V935",7,7,6,3,3,2,2,2,1
"V936",3,3,3,3,3,2,2,2,1
"V937",4,4,2,2,2,1,1,1,1
"V938",10,9,8,7,6,5,4,3,2
"V939",10,9,8,7,6,5,4,3,2
"V940",3,3,3,3,3,2,2,2,1
"V941",3,3,3,3,3,2,2,2,1
"V942",10,9,8,7,6,5,4,3,2
"V943",1,1,1,1,1,1,1,1,1
"V944",10,9,8,7,6,5,4,3,2
"V945",6,6,5,5,5,4,2,2,1
"V946",10,9,8,7,6,5,4,3,2
"V947",10,9,8,7,6,5,4,3,2
"V948",5,5,4,4,4,3,3,3,2
"V949",1,1,1,1,1,1,1,1,1
"V950",1,1,1,1,1,1,1,1,1
"V951",10,9,8,7,6,5,4,3,2
"V952",10,9,8,7,6,5,4,3,2
"V953",10,9,8,7,6,5,4,3,2
"V954",10,9,8,7,6,5,4,3,2
"V955",6,6,5,5,5,4,2,2,1
"V956",10,9,8,7,6,5,4,3,2
"V957",6,6,5,5,5,4,2,2,1
"V958",6,6,5,5,5,4,2,2,1
"V959",1,1,1,1,1,1,1,1,1
"V960",3,3,3,3,3,2,2,2,1
"V961",5,5,4,4,4,3,3,3,2
"V962",10,9,8,7,6,5,4,3,2
"V963",10,9,8,7,6,5,4,3,2
"V964",6,6,5,5,5,4,2,2,1
"V965",6,6,5,5,5,4,2,2,1
"V966",1,1,1,1,1,1,1,1,1
"V967",1,1,1,1,1,1,1,1,1
"V968",5,5,4,4,4,3,3,3,2
"V969",5,5,4,4,4,3,3,3,2
"V970",10,9,8,7,6,5,4,3,2
"V971",5,5,4,4,4,3,3,3,2
"V972",3,3,3,3,3,2,2,2,1
"V973",6,6,5,5,5,4,2,2,1
"V974",5,5,4,4,4,3,3,3,2
"V975",7,7,6,3,3,2,2,2,1
"V976",4,4,2,2,2,1,1,1,1
"V977",10,9,8,7,6,5,4,3,2
"V978",10,9,8,7,6,5,4,3,2
"V979",9,2,2,2,2,1,1,1,1
"V980",1,1,1,1,1,1,1,1,1
"V981",1,1,1,1,1,1,1,1,1
"V982",10,9,8,7,6,5,4,3,2
"V983",6,6,5,5,5,4,2,2,1
"V984",6,6,5,5,5,4,2,2,1
"V985",1,1,1,1,1,1,1,1,1
"V986",10,9,8,7,6,5,4,3,2
"V987",1,1,1,1,1,1,1,1,1
"V988",5,5,4,4,4,3,3,3,2
"V989",3,3,3,3,3,2,2,2,1
"V990",8,8,7,6,4,3,3,3,2
"V991",7,7,6,3,3,2,2,2,1
"V992",3,3,3,3,3,2,2,2,1
"V993",7,7,6,3,3,2,2,2,1
"V994",6,6,5,5,5,4,2,2,1
"V995",10,9,8,7,6,5,4,3,2
"V996",8,8,7,6,4,3,3,3,2
"V997",10,9,8,7,6,5,4,3,2
"V998",7,7,6,3,3,2,2,2,1
"V999",8,8,7,6,4,3,3,3,2
"V1000",6,6,5,5,5,4,2,2,1
